,Date,Open,High,Low,Close,Adj Close,Volume
0,2010/11/24,11037.34961,11195.99023,11037.34961,11187.280270000001,11187.280270000001,138280000
1,2010/11/26,11183.5,11183.5,11067.16992,11091.87012,11091.87012,68400000
2,2010/11/29,11083.75,11083.82031,10929.280270000001,11052.49023,11052.49023,151530000
3,2010/11/30,11049.719729999999,11062.62988,10942.98047,11006.01953,11006.01953,233770000
4,2010/12/1,11007.23047,11276.09961,11007.23047,11255.780270000001,11255.780270000001,202520000
5,2010/12/2,11255.92969,11373.799809999999,11255.84961,11362.41016,11362.41016,212090000
6,2010/12/3,11361.87988,11388.87012,11318.82031,11382.08984,11382.08984,149440000
7,2010/12/6,11381.33008,11392.08008,11350.26953,11362.19043,11362.19043,122240000
8,2010/12/7,11363.84961,11450.88965,11354.08984,11359.16016,11359.16016,175720000
9,2010/12/8,11354.4502,11389.08984,11327.49023,11372.48047,11372.48047,152510000
10,2010/12/9,11370.44043,11413.34961,11331.5,11370.05957,11370.05957,167970000
11,2010/12/10,11370.05957,11413.69043,11357.719729999999,11410.32031,11410.32031,151820000
12,2010/12/13,11406.16016,11480.030270000001,11405.33008,11428.55957,11428.55957,151190000
13,2010/12/14,11429.24023,11514.08008,11428.94043,11476.54004,11476.54004,149860000
14,2010/12/15,11475.63965,11519.04004,11445.66992,11457.469729999999,11457.469729999999,189670000
15,2010/12/16,11457.92969,11514.83984,11421.299809999999,11499.25,11499.25,163040000
16,2010/12/17,11499.01953,11503.17969,11451.0,11491.91016,11491.91016,358300000
17,2010/12/20,11491.299809999999,11517.07031,11442.67969,11478.12988,11478.12988,125360000
18,2010/12/21,11478.36035,11549.12012,11478.29004,11533.16016,11533.16016,119420000
19,2010/12/22,11532.16992,11566.99023,11528.08008,11559.49023,11559.49023,122040000
20,2010/12/23,11559.11035,11580.83984,11542.62012,11573.49023,11573.49023,100840000
21,2010/12/27,11572.80957,11573.19043,11518.44043,11555.030270000001,11555.030270000001,76820000
22,2010/12/28,11554.799809999999,11591.12988,11541.13965,11575.54004,11575.54004,114100000
23,2010/12/29,11572.74023,11625.0,11572.66016,11585.37988,11585.37988,77800000
24,2010/12/30,11585.37988,11594.37988,11551.92969,11569.70996,11569.70996,76820000
25,2010/12/31,11569.33008,11597.41016,11530.32031,11577.50977,11577.50977,93330000
26,2011/1/3,11577.42969,11711.469729999999,11577.34961,11670.75,11670.75,203420000
27,2011/1/4,11670.90039,11698.219729999999,11635.74023,11691.17969,11691.17969,178630000
28,2011/1/5,11688.61035,11742.67969,11652.88965,11722.88965,11722.88965,169990000
29,2011/1/6,11716.92969,11736.74023,11667.45996,11697.30957,11697.30957,193080000
30,2011/1/7,11696.86035,11726.94043,11599.67969,11674.75977,11674.75977,188720000
31,2011/1/10,11672.33984,11677.33008,11573.87012,11637.4502,11637.4502,150340000
32,2011/1/11,11638.50977,11704.12012,11635.48047,11671.87988,11671.87988,157440000
33,2011/1/12,11673.62012,11782.23047,11673.62012,11755.44043,11755.44043,144960000
34,2011/1/13,11753.7002,11757.25,11700.530270000001,11731.90039,11731.90039,161660000
35,2011/1/14,11732.12988,11794.15039,11698.83008,11787.37988,11787.37988,200770000
36,2011/1/18,11783.82031,11858.780270000001,11777.99023,11837.92969,11837.92969,203390000
37,2011/1/19,11834.20996,11861.24023,11798.45996,11825.29004,11825.29004,166250000
38,2011/1/20,11823.7002,11845.16016,11744.76953,11822.799809999999,11822.799809999999,180800000
39,2011/1/21,11822.9502,11905.48047,11822.799809999999,11871.83984,11871.83984,249480000
40,2011/1/24,11873.42969,11982.94043,11867.98047,11980.51953,11980.51953,184000000
41,2011/1/25,11980.51953,11985.969729999999,11898.74023,11977.19043,11977.19043,191950000
42,2011/1/26,11978.84961,12020.51953,11961.83008,11985.44043,11985.44043,168320000
43,2011/1/27,11985.36035,12019.530270000001,11971.92969,11989.83008,11989.83008,167770000
44,2011/1/28,11990.36035,12012.41992,11803.04004,11823.7002,11823.7002,214170000
45,2011/1/31,11824.38965,11891.92969,11817.87988,11891.92969,11891.92969,206580000
46,2011/2/1,11892.5,12050.75,11892.5,12040.16016,12040.16016,180890000
47,2011/2/2,12038.26953,12057.91016,12018.50977,12041.969729999999,12041.969729999999,143440000
48,2011/2/3,12040.67969,12080.54004,11981.049809999999,12062.25977,12062.25977,143710000
49,2011/2/4,12061.73047,12092.41992,12025.780270000001,12092.15039,12092.15039,121780000
50,2011/2/7,12092.37988,12188.75977,12092.299809999999,12161.62988,12161.62988,132960000
51,2011/2/8,12152.7002,12238.79004,12150.049809999999,12233.15039,12233.15039,126650000
52,2011/2/9,12229.29004,12254.23047,12188.19043,12239.88965,12239.88965,162910000
53,2011/2/10,12239.66016,12239.66016,12156.94043,12229.29004,12229.29004,274440000
54,2011/2/11,12227.780270000001,12285.94043,12180.48047,12273.25977,12273.25977,184290000
55,2011/2/14,12266.83008,12276.20996,12235.91016,12268.19043,12268.19043,146350000
56,2011/2/15,12266.75,12267.66016,12193.26953,12226.63965,12226.63965,142580000
57,2011/2/16,12219.79004,12303.16016,12219.79004,12288.16992,12288.16992,146270000
58,2011/2/17,12287.719729999999,12331.30957,12253.24023,12318.13965,12318.13965,130860000
59,2011/2/18,12318.66992,12391.29004,12303.23047,12391.25,12391.25,230040000
60,2011/2/22,12389.74023,12389.82031,12176.30957,12212.79004,12212.79004,201860000
61,2011/2/23,12211.80957,12221.12012,12063.42969,12105.780270000001,12105.780270000001,213490000
62,2011/2/24,12104.55957,12129.62012,11983.16992,12068.5,12068.5,190860000
63,2011/2/25,12060.92969,12151.030270000001,12060.92969,12130.4502,12130.4502,147540000
64,2011/2/28,12130.4502,12235.04004,12130.15039,12226.33984,12226.33984,199560000
65,2011/3/1,12226.49023,12261.37988,12054.99023,12058.01953,12058.01953,183240000
66,2011/3/2,12057.33984,12115.12012,12018.62988,12066.799809999999,12066.799809999999,147270000
67,2011/3/3,12068.00977,12283.09961,12068.00977,12258.2002,12258.2002,157840000
68,2011/3/4,12258.87988,12271.37012,12079.50977,12169.87988,12169.87988,166700000
69,2011/3/7,12171.08984,12243.44043,12041.59961,12090.030270000001,12090.030270000001,176200000
70,2011/3/8,12085.87012,12251.2002,12072.20996,12214.37988,12214.37988,158610000
71,2011/3/9,12211.16016,12257.82031,12156.59961,12213.08984,12213.08984,128360000
72,2011/3/10,12211.42969,12211.42969,11974.38965,11984.61035,11984.61035,180660000
73,2011/3/11,11976.95996,12087.00977,11936.32031,12044.40039,12044.40039,143670000
74,2011/3/14,12042.12988,12042.12988,11897.30957,11993.16016,11993.16016,163000000
75,2011/3/15,11988.69043,11988.69043,11696.25,11855.41992,11855.41992,221930000
76,2011/3/16,11854.2002,11856.7002,11555.48047,11613.299809999999,11613.299809999999,254070000
77,2011/3/17,11614.88965,11800.54004,11614.82031,11774.58984,11774.58984,182260000
78,2011/3/18,11777.23047,11927.08984,11777.23047,11858.51953,11858.51953,355050000
79,2011/3/21,11860.11035,12078.299809999999,11860.11035,12036.530270000001,12036.530270000001,143390000
80,2011/3/22,12036.37012,12050.98047,12002.84961,12018.62988,12018.62988,115660000
81,2011/3/23,12018.40039,12116.13965,11972.61035,12086.01953,12086.01953,133940000
82,2011/3/24,12087.54004,12191.17969,12087.54004,12170.55957,12170.55957,131610000
83,2011/3/25,12170.70996,12259.79004,12170.70996,12220.58984,12220.58984,129790000
84,2011/3/28,12221.19043,12272.91992,12197.87988,12197.87988,12197.87988,123070000
85,2011/3/29,12194.48047,12285.41016,12173.50977,12279.00977,12279.00977,129030000
86,2011/3/30,12280.07031,12383.45996,12280.07031,12350.61035,12350.61035,140340000
87,2011/3/31,12350.75977,12381.67969,12319.00977,12319.73047,12319.73047,186140000
88,2011/4/1,12321.01953,12419.70996,12321.01953,12376.719729999999,12376.719729999999,147600000
89,2011/4/4,12374.59961,12407.41016,12369.15039,12400.030270000001,12400.030270000001,114660000
90,2011/4/5,12402.08008,12438.13965,12353.33984,12393.90039,12393.90039,142340000
91,2011/4/6,12386.66016,12450.92969,12386.66016,12426.75,12426.75,182350000
92,2011/4/7,12426.4502,12440.55957,12328.36035,12409.49023,12409.49023,158590000
93,2011/4/8,12409.87012,12450.36035,12320.719729999999,12380.049809999999,12380.049809999999,122820000
94,2011/4/11,12380.42969,12444.0,12352.87988,12381.11035,12381.11035,109950000
95,2011/4/12,12381.19043,12381.19043,12233.0,12263.58008,12263.58008,137260000
96,2011/4/13,12263.65039,12335.09961,12224.4502,12270.99023,12270.99023,118950000
97,2011/4/14,12270.24023,12305.58008,12163.86035,12285.15039,12285.15039,140670000
98,2011/4/15,12285.4502,12369.26953,12272.58008,12341.83008,12341.83008,234710000
99,2011/4/18,12339.70996,12339.79004,12093.88965,12201.58984,12201.58984,190220000
100,2011/4/19,12201.44043,12275.33984,12200.299809999999,12266.75,12266.75,149870000
101,2011/4/20,12266.75,12475.530270000001,12263.58008,12453.54004,12453.54004,203900000
102,2011/4/21,12453.62012,12506.05957,12447.55957,12505.99023,12505.99023,166630000
103,2011/4/25,12505.99023,12506.219729999999,12446.049809999999,12479.87988,12479.87988,128660000
104,2011/4/26,12480.86035,12613.16016,12478.13965,12595.37012,12595.37012,183980000
105,2011/4/27,12592.23047,12708.37012,12588.33008,12690.95996,12690.95996,160550000
106,2011/4/28,12689.90039,12776.13965,12674.54004,12763.30957,12763.30957,148760000
107,2011/4/29,12763.45996,12832.83008,12751.12988,12810.54004,12810.54004,378620000
108,2011/5/2,12810.16016,12876.0,12784.62012,12807.36035,12807.36035,150960000
109,2011/5/3,12806.37988,12840.66016,12749.99023,12807.50977,12807.50977,191510000
110,2011/5/4,12806.29004,12806.67969,12673.01953,12723.58008,12723.58008,193720000
111,2011/5/5,12723.65039,12724.55957,12521.280270000001,12584.16992,12584.16992,176950000
112,2011/5/6,12580.75977,12759.23047,12579.92969,12638.74023,12638.74023,168320000
113,2011/5/9,12637.83008,12722.07031,12620.2002,12684.67969,12684.67969,133940000
114,2011/5/10,12685.12988,12781.05957,12681.65039,12760.36035,12760.36035,156000000
115,2011/5/11,12745.87012,12748.20996,12577.20996,12630.030270000001,12630.030270000001,200680000
116,2011/5/12,12629.95996,12718.58008,12537.16992,12695.91992,12695.91992,216510000
117,2011/5/13,12695.65039,12714.5,12543.19043,12595.75,12595.75,169940000
118,2011/5/16,12594.76953,12642.90039,12530.80957,12548.37012,12548.37012,192310000
119,2011/5/17,12541.33008,12541.33008,12378.83984,12479.58008,12479.58008,192830000
120,2011/5/18,12471.780270000001,12571.15039,12443.09961,12560.17969,12560.17969,175120000
121,2011/5/19,12561.45996,12633.58984,12533.45996,12605.32031,12605.32031,158470000
122,2011/5/20,12604.719729999999,12604.83008,12485.86035,12512.04004,12512.04004,174980000
123,2011/5/23,12511.36035,12511.36035,12331.76953,12381.25977,12381.25977,150720000
124,2011/5/24,12381.57031,12422.549809999999,12350.04004,12356.20996,12356.20996,145920000
125,2011/5/25,12355.4502,12440.030270000001,12309.51953,12394.66016,12394.66016,145750000
126,2011/5/26,12391.62988,12441.58008,12317.91992,12402.75977,12402.75977,149070000
127,2011/5/27,12398.05957,12483.80957,12397.69043,12441.58008,12441.58008,126030000
128,2011/5/31,12443.40039,12574.29004,12443.40039,12569.79004,12569.79004,208290000
129,2011/6/1,12569.41016,12569.49023,12282.41992,12290.13965,12290.13965,183020000
130,2011/6/2,12289.61035,12306.70996,12190.54004,12248.549809999999,12248.549809999999,156370000
131,2011/6/3,12247.799809999999,12247.87012,12104.030270000001,12151.25977,12151.25977,157740000
132,2011/6/6,12151.19043,12151.49023,12070.66016,12089.95996,12089.95996,166600000
133,2011/6/7,12090.17969,12178.88965,12066.61035,12070.80957,12070.80957,162610000
134,2011/6/8,12066.26953,12098.36035,12024.25977,12048.94043,12048.94043,156870000
135,2011/6/9,12049.469729999999,12183.12012,12049.08984,12124.36035,12124.36035,149700000
136,2011/6/10,12124.16992,12124.84961,11937.41992,11951.91016,11951.91016,178310000
137,2011/6/13,11945.33008,12011.66016,11917.780270000001,11952.969729999999,11952.969729999999,153370000
138,2011/6/14,11951.37988,12120.799809999999,11951.37988,12076.11035,12076.11035,159620000
139,2011/6/15,12075.12012,12075.2002,11862.530270000001,11897.26953,11897.26953,182500000
140,2011/6/16,11896.12988,11990.01953,11875.76953,11961.51953,11961.51953,189500000
141,2011/6/17,11962.66016,12072.88965,11962.50977,12004.36035,12004.36035,342010000
142,2011/6/20,12004.280270000001,12099.87012,11971.29004,12080.37988,12080.37988,127250000
143,2011/6/21,12081.33008,12217.33008,12081.17969,12190.00977,12190.00977,147570000
144,2011/6/22,12189.70996,12207.99023,12105.84961,12109.66992,12109.66992,125330000
145,2011/6/23,12108.34961,12108.73047,11874.94043,12050.0,12050.0,206760000
146,2011/6/24,12049.24023,12057.19043,11925.41992,11934.58008,11934.58008,279660000
147,2011/6/27,11934.66016,12098.80957,11934.049809999999,12043.55957,12043.55957,177920000
148,2011/6/28,12043.55957,12190.42969,12042.280270000001,12188.69043,12188.69043,135050000
149,2011/6/29,12187.62988,12284.38965,12175.86035,12261.41992,12261.41992,158720000
150,2011/6/30,12262.25,12427.08984,12262.09961,12414.33984,12414.33984,179980000
151,2011/7/1,12414.33984,12596.12988,12404.08008,12582.76953,12582.76953,141870000
152,2011/7/5,12569.87012,12601.799809999999,12540.58008,12569.87012,12569.87012,123000000
153,2011/7/6,12562.469729999999,12643.24023,12539.20996,12626.01953,12626.01953,132330000
154,2011/7/7,12627.23047,12753.88965,12627.23047,12719.49023,12719.49023,153740000
155,2011/7/8,12717.90039,12717.90039,12567.41016,12657.2002,12657.2002,131150000
156,2011/7/11,12655.62012,12655.83984,12470.299809999999,12505.75977,12505.75977,133250000
157,2011/7/12,12505.54004,12570.58008,12446.87988,12446.87988,12446.87988,162640000
158,2011/7/13,12447.33008,12611.04004,12447.33008,12491.61035,12491.61035,139970000
159,2011/7/14,12491.530270000001,12581.98047,12414.41016,12437.12012,12437.12012,140810000
160,2011/7/15,12437.12012,12504.82031,12406.08984,12479.73047,12479.73047,215420000
161,2011/7/18,12475.11035,12475.25977,12296.23047,12385.16016,12385.16016,148950000
162,2011/7/19,12386.030270000001,12607.55957,12385.95996,12587.41992,12587.41992,167550000
163,2011/7/20,12583.67969,12603.50977,12546.55957,12571.91016,12571.91016,140340000
164,2011/7/21,12567.07031,12751.42969,12566.61035,12724.41016,12724.41016,188410000
165,2011/7/22,12724.70996,12740.87012,12644.19043,12681.16016,12681.16016,136760000
166,2011/7/25,12679.719729999999,12679.9502,12536.19043,12592.799809999999,12592.799809999999,128760000
167,2011/7/26,12592.12012,12593.40039,12489.04004,12501.299809999999,12501.299809999999,145140000
168,2011/7/27,12498.41992,12498.65039,12289.69043,12302.549809999999,12302.549809999999,182770000
169,2011/7/28,12301.719729999999,12384.90039,12226.83008,12240.11035,12240.11035,148710000
170,2011/7/29,12239.36035,12243.07031,12083.4502,12143.24023,12143.24023,230910000
171,2011/8/1,12144.219729999999,12282.41992,11998.08008,12132.49023,12132.49023,182820000
172,2011/8/2,12129.76953,12130.299809999999,11865.55957,11866.62012,11866.62012,207060000
173,2011/8/3,11863.74023,11904.91016,11700.33984,11896.44043,11896.44043,198220000
174,2011/8/4,11893.86035,11893.94043,11372.13965,11383.67969,11383.67969,300760000
175,2011/8/5,11383.98047,11555.41016,11139.0,11444.61035,11444.61035,406310000
176,2011/8/8,11433.92969,11434.08984,10809.84961,10809.84961,10809.84961,479980000
177,2011/8/9,10810.91016,11244.00977,10604.07031,11239.76953,11239.76953,431410000
178,2011/8/10,11228.0,11228.0,10686.49023,10719.94043,10719.94043,396300000
179,2011/8/11,10729.84961,11278.90039,10729.84961,11143.30957,11143.30957,393190000
180,2011/8/12,11143.45996,11346.66992,11142.17969,11269.01953,11269.01953,228030000
181,2011/8/15,11269.84961,11484.59961,11269.84961,11482.90039,11482.90039,188120000
182,2011/8/16,11480.48047,11488.00977,11292.62988,11405.92969,11405.92969,187800000
183,2011/8/17,11392.00977,11529.66992,11322.299809999999,11410.20996,11410.20996,171280000
184,2011/8/18,11406.26953,11406.5,10881.59961,10990.58008,10990.58008,308520000
185,2011/8/19,10989.75,11086.40039,10801.41016,10817.65039,10817.65039,336370000
186,2011/8/22,10820.37012,11020.549809999999,10820.37012,10854.65039,10854.65039,226720000
187,2011/8/23,10854.58008,11176.83984,10854.42969,11176.75977,11176.75977,244130000
188,2011/8/24,11175.780270000001,11331.57031,11113.04004,11320.70996,11320.70996,227380000
189,2011/8/25,11321.01953,11406.38965,11106.75977,11149.82031,11149.82031,255050000
190,2011/8/26,11149.82031,11326.42969,10929.2002,11284.54004,11284.54004,244410000
191,2011/8/29,11286.65039,11541.780270000001,11286.58008,11539.25,11539.25,177540000
192,2011/8/30,11532.12988,11630.07031,11429.38965,11559.9502,11559.9502,182090000
193,2011/8/31,11560.48047,11712.59961,11528.08008,11613.530270000001,11613.530270000001,229740000
194,2011/9/1,11613.299809999999,11716.83984,11488.45996,11493.57031,11493.57031,178110000
195,2011/9/2,11492.05957,11492.13965,11211.34961,11240.25977,11240.25977,174660000
196,2011/9/6,11237.30957,11237.45996,10932.530270000001,11139.299809999999,11139.299809999999,217420000
197,2011/9/7,11137.62988,11414.86035,11137.62988,11414.86035,11414.86035,166320000
198,2011/9/8,11414.86035,11477.299809999999,11283.74023,11295.80957,11295.80957,173040000
199,2011/9/9,11294.59961,11294.83008,10935.63965,10992.12988,10992.12988,228170000
200,2011/9/12,10990.00977,11062.030270000001,10824.75977,11061.12012,11061.12012,197160000
201,2011/9/13,11054.99023,11140.84961,10987.17969,11105.84961,11105.84961,189980000
202,2011/9/14,11106.83008,11386.780270000001,10993.83984,11246.73047,11246.73047,192600000
203,2011/9/15,11247.719729999999,11433.40039,11247.49023,11433.17969,11433.17969,172080000
204,2011/9/16,11433.70996,11532.469729999999,11407.41016,11509.08984,11509.08984,425900000
205,2011/9/19,11506.82031,11506.82031,11255.25,11401.00977,11401.00977,157580000
206,2011/9/20,11401.469729999999,11550.219729999999,11373.91992,11408.66016,11408.66016,157060000
207,2011/9/21,11408.58008,11447.86035,11117.280270000001,11124.83984,11124.83984,221860000
208,2011/9/22,11121.88965,11122.12012,10597.13965,10733.83008,10733.83008,306170000
209,2011/9/23,10732.76953,10808.49023,10638.73047,10771.48047,10771.48047,223140000
210,2011/9/26,10771.780270000001,11057.49023,10771.780270000001,11043.86035,11043.86035,225620000
211,2011/9/27,11045.23047,11369.299809999999,11045.23047,11190.69043,11190.69043,212700000
212,2011/9/28,11189.09961,11317.08008,10996.98047,11010.90039,11010.90039,172410000
213,2011/9/29,11012.79004,11271.13965,10965.4502,11153.98047,11153.98047,191340000
214,2011/9/30,11152.32031,11152.38965,10909.51953,10913.37988,10913.37988,213200000
215,2011/10/3,10912.09961,10979.19043,10653.33984,10655.299809999999,10655.299809999999,242870000
216,2011/10/4,10651.44043,10825.44043,10404.49023,10808.70996,10808.70996,267440000
217,2011/10/5,10800.469729999999,10950.88965,10738.09961,10939.9502,10939.9502,226440000
218,2011/10/6,10939.87012,11132.59961,10858.66992,11123.33008,11123.33008,190030000
219,2011/10/7,11123.41016,11232.049809999999,11051.12988,11103.12012,11103.12012,188080000
220,2011/10/10,11104.55957,11433.33008,11104.55957,11433.17969,11433.17969,144270000
221,2011/10/11,11432.799809999999,11447.86035,11365.66992,11416.299809999999,11416.299809999999,133360000
222,2011/10/12,11417.36035,11625.299809999999,11417.280270000001,11518.84961,11518.84961,188130000
223,2011/10/13,11518.08984,11518.08984,11377.82031,11478.12988,11478.12988,143990000
224,2011/10/14,11478.969729999999,11646.83008,11478.66016,11644.49023,11644.49023,133570000
225,2011/10/17,11643.34961,11643.34961,11378.34961,11397.0,11397.0,140360000
226,2011/10/18,11396.16992,11652.74023,11296.12012,11577.049809999999,11577.049809999999,201410000
227,2011/10/19,11577.54004,11633.7002,11469.16992,11504.62012,11504.62012,169580000
228,2011/10/20,11502.12988,11581.25,11391.13965,11541.780270000001,11541.780270000001,166100000
229,2011/10/21,11543.219729999999,11812.45996,11542.83984,11808.79004,11808.79004,264000000
230,2011/10/24,11807.95996,11940.75,11805.76953,11913.62012,11913.62012,161870000
231,2011/10/25,11912.62988,11912.86035,11682.51953,11706.62012,11706.62012,161450000
232,2011/10/26,11707.75977,11891.20996,11694.36035,11869.04004,11869.04004,183730000
233,2011/10/27,11872.07031,12284.30957,11872.07031,12208.549809999999,12208.549809999999,251640000
234,2011/10/28,12207.33984,12251.91992,12164.24023,12231.11035,12231.11035,163620000
235,2011/10/31,12229.219729999999,12229.29004,11954.41016,11955.00977,11955.00977,185790000
236,2011/11/1,11951.530270000001,11951.75977,11630.030270000001,11657.95996,11657.95996,218290000
237,2011/11/2,11658.49023,11876.83008,11658.49023,11836.04004,11836.04004,154140000
238,2011/11/3,11835.58984,12065.92969,11835.42969,12044.469729999999,12044.469729999999,158170000
239,2011/11/4,12043.41016,12043.49023,11850.30957,11983.24023,11983.24023,126150000
240,2011/11/7,11983.01953,12074.44043,11880.69043,12068.38965,12068.38965,122110000
241,2011/11/8,12055.51953,12187.50977,12002.16992,12170.17969,12170.17969,144950000
242,2011/11/9,12166.40039,12166.40039,11736.92969,11780.94043,11780.94043,180200000
243,2011/11/10,11780.030270000001,11961.13965,11779.87988,11893.86035,11893.86035,165250000
244,2011/11/11,11896.280270000001,12179.719729999999,11896.280270000001,12153.67969,12153.67969,134520000
245,2011/11/14,12153.0,12170.55957,12027.030270000001,12078.98047,12078.98047,119610000
246,2011/11/15,12077.91992,12165.11035,12001.25977,12096.16016,12096.16016,14510000
247,2011/11/16,12084.74023,12109.030270000001,11890.57031,11905.58984,11905.58984,166220000
248,2011/11/17,11905.66992,11948.42969,11676.34961,11770.73047,11770.73047,169830000
249,2011/11/18,11768.98047,11854.80957,11755.82031,11796.16016,11796.16016,181240000
250,2011/11/21,11795.549809999999,11795.7002,11454.07031,11547.30957,11547.30957,170960000
251,2011/11/22,11542.38965,11571.75,11433.969729999999,11493.719729999999,11493.719729999999,148570000
252,2011/11/23,11492.74023,11492.82031,11257.549809999999,11257.549809999999,11257.549809999999,152220000
253,2011/11/25,11251.87988,11361.469729999999,11231.42969,11231.65039,11231.65039,87480000
254,2011/11/28,11232.469729999999,11562.09961,11232.16016,11523.00977,11523.00977,204950000
255,2011/11/29,11523.00977,11624.00977,11517.04004,11555.62988,11555.62988,156950000
256,2011/11/30,11559.26953,12045.67969,11559.26953,12045.67969,12045.67969,286790000
257,2011/12/1,12046.20996,12062.63965,11974.62012,12020.030270000001,12020.030270000001,143700000
258,2011/12/2,12022.37012,12146.67969,12007.12012,12019.41992,12019.41992,150110000
259,2011/12/5,12021.54004,12186.530270000001,12021.45996,12097.83008,12097.83008,153830000
260,2011/12/6,12097.75,12215.70996,12076.70996,12150.12988,12150.12988,145920000
261,2011/12/7,12144.41016,12257.66992,12060.37012,12196.37012,12196.37012,168440000
262,2011/12/8,12195.91016,12195.91016,11966.219729999999,11997.7002,11997.7002,165880000
263,2011/12/9,11996.030270000001,12212.83008,11995.50977,12184.25977,12184.25977,154250000
264,2011/12/12,12181.08008,12181.37988,11940.86035,12021.38965,12021.38965,149050000
265,2011/12/13,12018.66016,12147.7002,11904.37988,11954.94043,11954.94043,171910000
266,2011/12/14,11949.719729999999,11950.01953,11786.469729999999,11823.48047,11823.48047,161240000
267,2011/12/15,11825.29004,11967.83984,11825.219729999999,11868.80957,11868.80957,136930000
268,2011/12/16,11870.25,11968.17969,11819.30957,11866.38965,11866.38965,389520000
269,2011/12/19,11866.54004,11925.87988,11735.19043,11766.25977,11766.25977,135170000
270,2011/12/20,11769.20996,12117.12988,11768.83008,12103.58008,12103.58008,165180000
271,2011/12/21,12103.58008,12119.7002,11999.44043,12107.74023,12107.74023,163250000
272,2011/12/22,12107.58984,12182.70996,12107.37012,12169.65039,12169.65039,151610000
273,2011/12/23,12169.87988,12297.44043,12169.799809999999,12294.0,12294.0,80420000
274,2011/12/27,12293.469729999999,12328.469729999999,12269.969729999999,12291.34961,12291.34961,95980000
275,2011/12/28,12288.84961,12299.11035,12140.16992,12151.41016,12151.41016,84010000
276,2011/12/29,12152.32031,12293.95996,12152.08984,12287.04004,12287.04004,8410000
277,2011/12/30,12286.280270000001,12290.05957,12213.780270000001,12217.55957,12217.55957,96670000
278,2012/1/3,12221.19043,12479.65039,12221.19043,12397.37988,12397.37988,152560000
279,2012/1/4,12392.45996,12430.0,12337.25,12418.41992,12418.41992,145130000
280,2012/1/5,12418.41992,12435.98047,12283.90039,12415.7002,12415.7002,158440000
281,2012/1/6,12407.4502,12415.24023,12332.41016,12359.91992,12359.91992,131120000
282,2012/1/9,12359.30957,12409.08008,12333.84961,12392.69043,12392.69043,122200000
283,2012/1/10,12394.50977,12514.69043,12394.50977,12462.469729999999,12462.469729999999,141230000
284,2012/1/11,12459.51953,12462.58008,12399.00977,12449.4502,12449.4502,130260000
285,2012/1/12,12449.91016,12483.7002,12385.08008,12471.01953,12471.01953,128230000
286,2012/1/13,12469.95996,12470.12012,12311.79004,12422.05957,12422.05957,161470000
287,2012/1/17,12423.12012,12573.65039,12423.12012,12482.07031,12482.07031,148670000
288,2012/1/18,12474.69043,12582.280270000001,12453.2002,12578.9502,12578.9502,154170000
289,2012/1/19,12578.19043,12625.799809999999,12563.58008,12623.98047,12623.98047,148030000
290,2012/1/20,12623.83008,12720.48047,12620.75977,12720.48047,12720.48047,255110000
291,2012/1/23,12720.25,12764.49023,12665.83008,12708.82031,12708.82031,149860000
292,2012/1/24,12708.37012,12708.51953,12613.54004,12675.75,12675.75,125420000
293,2012/1/25,12673.62988,12778.25977,12580.12012,12758.84961,12758.84961,135430000
294,2012/1/26,12756.95996,12841.9502,12695.16016,12734.62988,12734.62988,130840000
295,2012/1/27,12733.9502,12733.9502,12630.719729999999,12660.45996,12660.45996,164410000
296,2012/1/30,12659.16992,12659.32031,12529.41016,12653.719729999999,12653.719729999999,130430000
297,2012/1/31,12654.780270000001,12720.09961,12567.33008,12632.91016,12632.91016,168070000
298,2012/2/1,12632.75977,12784.62012,12632.75977,12716.45996,12716.45996,143500000
299,2012/2/2,12716.54004,12741.88965,12676.049809999999,12705.41016,12705.41016,114360000
300,2012/2/3,12705.04004,12869.9502,12704.95996,12862.23047,12862.23047,142840000
301,2012/2/6,12860.719729999999,12860.79004,12793.42969,12845.12988,12845.12988,108040000
302,2012/2/7,12844.37012,12903.70996,12782.57031,12878.2002,12878.2002,116150000
303,2012/2/8,12865.79004,12893.63965,12817.69043,12883.9502,12883.9502,138250000
304,2012/2/9,12884.41016,12924.70996,12846.41016,12890.45996,12890.45996,157080000
305,2012/2/10,12889.549809999999,12889.62988,12743.55957,12801.23047,12801.23047,123620000
306,2012/2/13,12799.11035,12887.92969,12799.11035,12874.04004,12874.04004,112240000
307,2012/2/14,12871.76953,12878.87988,12786.92969,12878.280270000001,12878.280270000001,120050000
308,2012/2/15,12864.65039,12899.469729999999,12753.62012,12780.9502,12780.9502,127560000
309,2012/2/16,12779.80957,12914.0,12779.58008,12904.08008,12904.08008,134450000
310,2012/2/17,12903.33008,12967.91992,12903.25,12949.87012,12949.87012,234650000
311,2012/2/21,12949.33984,13005.04004,12926.11035,12965.69043,12965.69043,164780000
312,2012/2/22,12966.219729999999,12977.91016,12914.83008,12938.66992,12938.66992,124200000
313,2012/2/23,12937.08008,12996.08008,12882.66992,12984.69043,12984.69043,120480000
314,2012/2/24,12981.2002,13013.82031,12950.58984,12982.9502,12982.9502,89440000
315,2012/2/27,12981.12988,13027.51953,12882.58984,12981.50977,12981.50977,143530000
316,2012/2/28,12976.74023,13021.50977,12952.82031,13005.12012,13005.12012,114490000
317,2012/2/29,13005.41992,13055.75,12929.66016,12952.07031,12952.07031,182460000
318,2012/3/1,12952.29004,13032.66992,12943.05957,12980.299809999999,12980.299809999999,139670000
319,2012/3/2,12980.75,12997.50977,12927.76953,12977.57031,12977.57031,93900000
320,2012/3/5,12977.33984,12977.33984,12883.91016,12962.80957,12962.80957,108630000
321,2012/3/6,12958.65039,12958.73047,12734.86035,12759.15039,12759.15039,142330000
322,2012/3/7,12756.12012,12857.73047,12751.50977,12837.33008,12837.33008,175110000
323,2012/3/8,12835.530270000001,12937.19043,12835.530270000001,12907.94043,12907.94043,103530000
324,2012/3/9,12908.62012,12968.79004,12906.42969,12922.01953,12922.01953,103240000
325,2012/3/12,12920.58008,12976.36035,12919.98047,12959.70996,12959.70996,100000000
326,2012/3/13,12953.2002,13180.40039,12953.12988,13177.67969,13177.67969,163130000
327,2012/3/14,13177.15039,13221.26953,13166.25,13194.09961,13194.09961,163610000
328,2012/3/15,13192.969729999999,13253.50977,13170.19043,13252.75977,13252.75977,161650000
329,2012/3/16,13253.50977,13289.08008,13231.4502,13232.62012,13232.62012,392620000
330,2012/3/19,13231.94043,13269.70996,13208.62988,13239.12988,13239.12988,147120000
331,2012/3/20,13238.4502,13238.4502,13123.37988,13170.19043,13170.19043,131660000
332,2012/3/21,13170.79004,13190.01953,13112.92969,13124.62012,13124.62012,124860000
333,2012/3/22,13124.40039,13124.469729999999,13017.41992,13046.13965,13046.13965,122060000
334,2012/3/23,13045.99023,13099.91016,13002.76953,13080.73047,13080.73047,129930000
335,2012/3/26,13082.62012,13243.86035,13082.38965,13241.62988,13241.62988,122080000
336,2012/3/27,13242.08984,13264.98047,13194.33008,13197.73047,13197.73047,129280000
337,2012/3/28,13195.38965,13212.63965,13069.25977,13126.20996,13126.20996,141540000
338,2012/3/29,13125.99023,13151.57031,13032.66992,13145.82031,13145.82031,136250000
339,2012/3/30,13147.94043,13224.49023,13147.780270000001,13212.04004,13212.04004,171190000
340,2012/4/2,13211.36035,13297.11035,13153.69043,13264.49023,13264.49023,108790000
341,2012/4/3,13258.95996,13265.36035,13131.20996,13199.549809999999,13199.549809999999,123980000
342,2012/4/4,13198.19043,13198.19043,13020.86035,13074.75,13074.75,125000000
343,2012/4/5,13067.17969,13088.11035,13012.45996,13060.13965,13060.13965,109530000
344,2012/4/9,13057.57031,13057.719729999999,12903.780270000001,12929.58984,12929.58984,105580000
345,2012/4/10,12929.44043,12929.58984,12710.55957,12715.92969,12715.92969,159290000
346,2012/4/11,12716.91992,12844.82031,12716.91992,12805.38965,12805.38965,125210000
347,2012/4/12,12806.4502,12986.95996,12806.299809999999,12986.58008,12986.58008,119780000
348,2012/4/13,12986.2002,12986.34961,12845.280270000001,12849.58984,12849.58984,140990000
349,2012/4/16,12850.87988,12986.76953,12850.799809999999,12921.41016,12921.41016,120990000
350,2012/4/17,12921.79004,13131.36035,12921.79004,13115.54004,13115.54004,115320000
351,2012/4/18,13114.55957,13114.55957,13027.49023,13032.75,13032.75,113520000
352,2012/4/19,13028.73047,13080.2002,12896.82031,12964.09961,12964.09961,139810000
353,2012/4/20,12964.48047,13082.54004,12964.25,13029.25977,13029.25977,212080000
354,2012/4/23,13028.2002,13028.2002,12845.58008,12927.16992,12927.16992,139370000
355,2012/4/24,12927.76953,13050.299809999999,12926.49023,13001.55957,13001.55957,134110000
356,2012/4/25,12997.69043,13105.7002,12993.59961,13090.719729999999,13090.719729999999,135260000
357,2012/4/26,13090.11035,13227.82031,13075.95996,13204.62012,13204.62012,107570000
358,2012/4/27,13204.7002,13266.67969,13192.20996,13228.30957,13228.30957,110850000
359,2012/4/30,13228.30957,13228.75977,13176.00977,13213.62988,13213.62988,127870000
360,2012/5/1,13214.16016,13338.66016,13174.65039,13279.32031,13279.32031,123400000
361,2012/5/2,13278.11035,13278.11035,13192.20996,13268.57031,13268.57031,100770000
362,2012/5/3,13267.58984,13284.08984,13175.63965,13206.58984,13206.58984,102090000
363,2012/5/4,13204.62012,13205.0,13022.33984,13038.26953,13038.26953,113790000
364,2012/5/7,13035.84961,13049.08984,12970.0,13008.530270000001,13008.530270000001,110080000
365,2012/5/8,13000.73047,13000.73047,12810.38965,12932.08984,12932.08984,138620000
366,2012/5/9,12921.80957,12921.80957,12748.48047,12835.05957,12835.05957,147460000
367,2012/5/10,12831.58008,12931.70996,12820.299809999999,12855.04004,12855.04004,151650000
368,2012/5/11,12851.79004,12918.00977,12779.280270000001,12820.59961,12820.59961,148370000
369,2012/5/14,12818.49023,12818.86035,12661.48047,12695.34961,12695.34961,143190000
370,2012/5/15,12695.049809999999,12758.42969,12608.16016,12632.0,12632.0,156060000
371,2012/5/16,12617.32031,12722.62988,12597.33984,12598.549809999999,12598.549809999999,143130000
372,2012/5/17,12598.32031,12611.41992,12440.51953,12442.49023,12442.49023,147430000
373,2012/5/18,12443.01953,12492.969729999999,12336.75977,12369.37988,12369.37988,240720000
374,2012/5/21,12369.15039,12508.11035,12367.719729999999,12504.48047,12504.48047,142110000
375,2012/5/22,12505.37988,12575.95996,12447.33008,12502.80957,12502.80957,133650000
376,2012/5/23,12501.51953,12508.299809999999,12311.55957,12496.15039,12496.15039,152190000
377,2012/5/24,12491.91016,12539.58984,12419.62988,12529.75,12529.75,126810000
378,2012/5/25,12530.74023,12533.12012,12421.530270000001,12454.83008,12454.83008,93000000
379,2012/5/29,12454.83008,12611.61035,12454.59961,12580.69043,12580.69043,107510000
380,2012/5/30,12579.01953,12579.09961,12396.40039,12419.86035,12419.86035,122830000
381,2012/5/31,12414.41016,12489.87012,12316.48047,12393.4502,12393.4502,205140000
382,2012/6/1,12391.55957,12391.62988,12107.48047,12118.57031,12118.57031,162940000
383,2012/6/4,12119.84961,12143.69043,12035.08984,12101.45996,12101.45996,126440000
384,2012/6/5,12101.08008,12147.549809999999,12072.16992,12127.9502,12127.9502,108970000
385,2012/6/6,12125.0,12414.79004,12125.0,12414.79004,12414.79004,140110000
386,2012/6/7,12416.530270000001,12555.25977,12416.530270000001,12460.95996,12460.95996,131150000
387,2012/6/8,12460.80957,12554.2002,12398.44043,12554.2002,12554.2002,111810000
388,2012/6/11,12553.80957,12650.469729999999,12398.48047,12411.23047,12411.23047,121060000
389,2012/6/12,12412.07031,12577.01953,12411.91016,12573.799809999999,12573.799809999999,111360000
390,2012/6/13,12566.37988,12598.25,12453.69043,12496.37988,12496.37988,125780000
391,2012/6/14,12497.88965,12698.67969,12497.66016,12651.91016,12651.91016,128640000
392,2012/6/15,12652.20996,12774.7002,12651.37988,12767.16992,12767.16992,284290000
393,2012/6/18,12767.01953,12781.92969,12696.17969,12741.82031,12741.82031,111280000
394,2012/6/19,12744.62012,12898.94043,12744.469729999999,12837.33008,12837.33008,125180000
395,2012/6/20,12837.09961,12877.17969,12744.91992,12824.38965,12824.38965,119110000
396,2012/6/21,12823.09961,12857.38965,12561.45996,12573.57031,12573.57031,146750000
397,2012/6/22,12574.82031,12674.08008,12574.66992,12640.780270000001,12640.780270000001,209990000
398,2012/6/25,12639.799809999999,12639.87012,12458.00977,12502.66016,12502.66016,134090000
399,2012/6/26,12503.57031,12576.41016,12452.030270000001,12534.66992,12534.66992,109270000
400,2012/6/27,12532.92969,12646.87012,12532.70996,12627.00977,12627.00977,97950000
401,2012/6/28,12626.25,12626.25,12450.16992,12602.25977,12602.25977,125870000
402,2012/6/29,12604.59961,12880.38965,12604.530270000001,12880.08984,12880.08984,191630000
403,2012/7/2,12879.70996,12902.12012,12795.48047,12871.38965,12871.38965,109640000
404,2012/7/3,12868.05957,12946.2002,12845.280270000001,12943.66016,12943.66016,63850000
405,2012/7/5,12941.84961,12961.299809999999,12852.24023,12896.66992,12896.66992,97800000
406,2012/7/6,12889.40039,12889.40039,12702.99023,12772.469729999999,12772.469729999999,96760000
407,2012/7/9,12772.01953,12772.01953,12686.57031,12736.29004,12736.29004,100150000
408,2012/7/10,12733.87012,12830.29004,12606.91016,12653.12012,12653.12012,114760000
409,2012/7/11,12653.04004,12661.969729999999,12534.33008,12604.530270000001,12604.530270000001,128420000
410,2012/7/12,12602.70996,12630.63965,12492.25,12573.26953,12573.26953,142760000
411,2012/7/13,12573.73047,12784.73047,12573.04004,12777.08984,12777.08984,121080000
412,2012/7/16,12776.33008,12779.58008,12690.049809999999,12727.20996,12727.20996,93500000
413,2012/7/17,12728.73047,12829.23047,12645.09961,12805.54004,12805.54004,119620000
414,2012/7/18,12796.98047,12921.94043,12754.61035,12908.7002,12908.7002,130070000
415,2012/7/19,12909.61035,12977.57031,12889.92969,12943.36035,12943.36035,139480000
416,2012/7/20,12942.67969,12942.83008,12810.34961,12822.57031,12822.57031,210770000
417,2012/7/23,12820.4502,12820.4502,12583.41016,12721.45996,12721.45996,137760000
418,2012/7/24,12720.92969,12730.08984,12521.83984,12617.32031,12617.32031,131530000
419,2012/7/25,12617.76953,12732.76953,12617.62012,12676.049809999999,12676.049809999999,127320000
420,2012/7/26,12680.58984,12931.219729999999,12680.58984,12887.92969,12887.92969,133620000
421,2012/7/27,12888.91016,13117.74023,12888.530270000001,13075.66016,13075.66016,161510000
422,2012/7/30,13075.34961,13128.63965,13042.84961,13073.00977,13073.00977,91730000
423,2012/7/31,13071.719729999999,13082.66016,13006.48047,13008.67969,13008.67969,125980000
424,2012/8/1,13007.469729999999,13074.83008,12951.16016,12976.12988,12976.12988,132780000
425,2012/8/2,12969.7002,12969.84961,12778.90039,12878.87988,12878.87988,112770000
426,2012/8/3,12884.82031,13133.17969,12884.82031,13096.16992,13096.16992,112390000
427,2012/8/6,13099.87988,13187.280270000001,13099.719729999999,13117.50977,13117.50977,84270000
428,2012/8/7,13118.65039,13215.969729999999,13118.41992,13168.59961,13168.59961,95240000
429,2012/8/8,13158.09961,13202.65039,13115.24023,13175.63965,13175.63965,84910000
430,2012/8/9,13174.73047,13200.23047,13125.08984,13165.19043,13165.19043,84350000
431,2012/8/10,13163.15039,13208.219729999999,13094.95996,13207.9502,13207.9502,86640000
432,2012/8/13,13204.92969,13205.00977,13112.94043,13169.42969,13169.42969,67550000
433,2012/8/14,13168.11035,13223.00977,13142.09961,13172.13965,13172.13965,84430000
434,2012/8/15,13157.469729999999,13192.88965,13138.23047,13164.780270000001,13164.780270000001,77130000
435,2012/8/16,13163.24023,13269.34961,13145.84961,13250.11035,13250.11035,114580000
436,2012/8/17,13251.2002,13281.32031,13244.84961,13275.2002,13275.2002,138550000
437,2012/8/20,13274.58008,13276.15039,13230.05957,13271.63965,13271.63965,87590000
438,2012/8/21,13272.09961,13330.75977,13186.59961,13203.58008,13203.58008,117060000
439,2012/8/22,13198.30957,13205.05957,13120.33984,13172.75977,13172.75977,111220000
440,2012/8/23,13171.37012,13171.37012,13046.45996,13057.45996,13057.45996,108800000
441,2012/8/24,13052.82031,13175.50977,13027.2002,13157.969729999999,13157.969729999999,88030000
442,2012/8/27,13157.74023,13176.16992,13115.45996,13124.66992,13124.66992,96070000
443,2012/8/28,13122.74023,13147.32031,13081.12012,13102.99023,13102.99023,81630000
444,2012/8/29,13103.45996,13144.80957,13081.26953,13107.48047,13107.48047,91530000
445,2012/8/30,13101.29004,13101.37012,12978.91016,13000.70996,13000.70996,89980000
446,2012/8/31,13002.719729999999,13151.87012,13002.63965,13090.83984,13090.83984,119780000
447,2012/9/4,13092.15039,13092.38965,12977.08984,13035.94043,13035.94043,103920000
448,2012/9/5,13036.08984,13095.91016,13018.74023,13047.48047,13047.48047,92550000
449,2012/9/6,13045.23047,13294.12988,13045.08008,13292.0,13292.0,128650000
450,2012/9/7,13289.530270000001,13320.26953,13266.219729999999,13306.63965,13306.63965,142210000
451,2012/9/10,13308.55957,13324.09961,13251.38965,13254.29004,13254.29004,123810000
452,2012/9/11,13254.59961,13354.33984,13253.20996,13323.36035,13323.36035,104920000
453,2012/9/12,13321.62012,13373.62012,13317.51953,13333.34961,13333.34961,111520000
454,2012/9/13,13329.70996,13573.330080000002,13325.11035,13539.86035,13539.86035,151770000
455,2012/9/14,13540.40039,13653.240230000001,13533.94043,13593.37012,13593.37012,185160000
456,2012/9/17,13588.57031,13593.15039,13526.669919999998,13553.09961,13553.09961,128020000
457,2012/9/18,13552.330080000002,13582.12012,13517.80957,13564.63965,13564.63965,120720000
458,2012/9/19,13565.41016,13626.480469999999,13556.740230000001,13577.95996,13577.95996,116210000
459,2012/9/20,13575.169919999998,13599.019530000001,13503.0,13596.92969,13596.92969,117910000
460,2012/9/21,13597.240230000001,13647.09961,13571.53027,13579.46973,13579.46973,429610000
461,2012/9/24,13577.84961,13601.90039,13521.67969,13558.919919999998,13558.919919999998,120370000
462,2012/9/25,13559.919919999998,13620.20996,13457.25,13457.549809999999,13457.549809999999,138630000
463,2012/9/26,13458.62988,13480.37012,13406.91016,13413.50977,13413.50977,124350000
464,2012/9/27,13413.469729999999,13522.830080000002,13413.469729999999,13485.96973,13485.96973,113990000
465,2012/9/28,13485.88965,13487.66016,13367.26953,13437.12988,13437.12988,146950000
466,2012/10/1,13437.66016,13598.25,13437.66016,13515.11035,13515.11035,106120000
467,2012/10/2,13515.299809999999,13567.05957,13424.919919999998,13482.36035,13482.36035,90730000
468,2012/10/3,13479.20996,13536.269530000001,13439.12012,13494.61035,13494.61035,103890000
469,2012/10/4,13495.17969,13594.330080000002,13495.17969,13575.36035,13575.36035,106390000
470,2012/10/5,13569.17969,13661.87012,13568.75,13610.15039,13610.15039,115500000
471,2012/10/8,13589.259769999999,13610.37988,13552.08984,13583.65039,13583.65039,71300000
472,2012/10/9,13582.87988,13592.330080000002,13473.30957,13473.53027,13473.53027,103630000
473,2012/10/10,13473.53027,13478.830080000002,13327.62012,13344.969729999999,13344.969729999999,101120000
474,2012/10/11,13346.280270000001,13428.490230000001,13326.12012,13326.38965,13326.38965,86630000
475,2012/10/12,13325.62012,13401.32031,13296.42969,13328.84961,13328.84961,113740000
476,2012/10/15,13329.54004,13437.66016,13325.92969,13424.230469999999,13424.230469999999,114880000
477,2012/10/16,13423.83984,13556.37012,13423.759769999999,13551.78027,13551.78027,113450000
478,2012/10/17,13539.62988,13561.65039,13468.90039,13557.0,13557.0,135570000
479,2012/10/18,13553.240230000001,13588.730469999999,13510.92969,13548.94043,13548.94043,128410000
480,2012/10/19,13545.330080000002,13545.490230000001,13312.219729999999,13343.50977,13343.50977,239080000
481,2012/10/22,13344.280270000001,13368.549809999999,13235.15039,13345.88965,13345.88965,121880000
482,2012/10/23,13344.90039,13344.90039,13083.280270000001,13102.530270000001,13102.530270000001,122220000
483,2012/10/24,13103.530270000001,13155.20996,13063.62988,13077.33984,13077.33984,110670000
484,2012/10/25,13079.63965,13214.11035,13017.37012,13103.67969,13103.67969,114590000
485,2012/10/26,13104.219729999999,13151.719729999999,13040.16992,13107.20996,13107.20996,134640000
486,2012/10/31,13107.44043,13189.08008,13052.07031,13096.45996,13096.45996,138160000
487,2012/11/1,13099.19043,13273.70996,13099.11035,13232.62012,13232.62012,140510000
488,2012/11/2,13232.62012,13289.4502,13076.57031,13093.16016,13093.16016,137660000
489,2012/11/5,13092.280270000001,13140.58008,13038.70996,13112.44043,13112.44043,95350000
490,2012/11/6,13112.90039,13290.75,13112.90039,13245.67969,13245.67969,105710000
491,2012/11/7,13228.24023,13228.32031,12876.59961,12932.73047,12932.73047,164250000
492,2012/11/8,12932.80957,12980.23047,12811.24023,12811.32031,12811.32031,138350000
493,2012/11/9,12811.16992,12890.19043,12743.38965,12815.38965,12815.38965,131670000
494,2012/11/12,12815.92969,12861.280270000001,12783.0,12815.08008,12815.08008,62360000
495,2012/11/13,12808.70996,12898.25,12748.50977,12756.17969,12756.17969,142200000
496,2012/11/14,12746.54004,12797.73047,12542.67969,12570.9502,12570.9502,162180000
497,2012/11/15,12571.09961,12600.58984,12496.55957,12542.37988,12542.37988,129150000
498,2012/11/16,12542.30957,12604.16992,12471.49023,12588.30957,12588.30957,197110000
499,2012/11/19,12590.23047,12796.19043,12590.23047,12795.95996,12795.95996,136910000
500,2012/11/20,12790.88965,12808.55957,12701.07031,12788.50977,12788.50977,134160000
501,2012/11/21,12788.36035,12845.99023,12786.12988,12836.88965,12836.88965,97300000
502,2012/11/23,12833.12988,13011.4502,12832.98047,13009.530270000001,13009.530270000001,61110000
503,2012/11/26,13008.4502,13008.4502,12900.16992,12967.37012,12967.37012,114360000
504,2012/11/27,12963.37988,12980.19043,12868.25977,12878.12988,12878.12988,117900000
505,2012/11/28,12875.55957,12989.09961,12765.32031,12985.11035,12985.11035,131000000
506,2012/11/29,12977.34961,13062.55957,12961.91992,13021.82031,13021.82031,113620000
507,2012/11/30,13022.049809999999,13053.74023,12988.67969,13025.58008,13025.58008,171070000
508,2012/12/3,13027.73047,13087.32031,12959.41992,12965.59961,12965.59961,112900000
509,2012/12/4,12966.4502,13022.50977,12940.07031,12951.780270000001,12951.780270000001,125290000
510,2012/12/5,12948.95996,13089.11035,12923.44043,13034.49023,13034.49023,161230000
511,2012/12/6,13026.19043,13076.87988,13007.83984,13074.04004,13074.04004,116850000
512,2012/12/7,13072.87012,13157.280270000001,13072.87012,13155.12988,13155.12988,124130000
513,2012/12/10,13154.88965,13195.34961,13139.08008,13169.87988,13169.87988,118530000
514,2012/12/11,13170.33984,13306.57031,13170.33984,13248.44043,13248.44043,124510000
515,2012/12/12,13250.049809999999,13329.44043,13227.44043,13245.4502,13245.4502,127510000
516,2012/12/13,13241.37988,13264.41016,13147.19043,13170.719729999999,13170.719729999999,101190000
517,2012/12/14,13170.799809999999,13190.41016,13118.45996,13135.00977,13135.00977,117620000
518,2012/12/17,13135.16992,13244.33008,13134.62988,13235.38965,13235.38965,142980000
519,2012/12/18,13236.61035,13365.86035,13232.58008,13350.95996,13350.95996,152920000
520,2012/12/19,13351.04004,13357.7002,13251.74023,13251.969729999999,13251.969729999999,149020000
521,2012/12/20,13246.66992,13314.63965,13216.030270000001,13311.719729999999,13311.719729999999,119800000
522,2012/12/21,13309.9502,13309.9502,13122.530270000001,13190.83984,13190.83984,413270000
523,2012/12/24,13190.15039,13190.37988,13128.549809999999,13138.92969,13138.92969,47710000
524,2012/12/26,13138.84961,13174.87988,13076.87012,13114.58984,13114.58984,79410000
525,2012/12/27,13114.969729999999,13141.74023,12964.08008,13096.30957,13096.30957,100160000
526,2012/12/28,13095.08008,13095.45996,12926.86035,12938.11035,12938.11035,85980000
527,2012/12/31,12938.19043,13109.12988,12883.88965,13104.13965,13104.13965,145740000
528,2013/1/2,13104.299809999999,13412.70996,13104.299809999999,13412.549809999999,13412.549809999999,161430000
529,2013/1/3,13413.00977,13430.59961,13358.299809999999,13391.36035,13391.36035,129630000
530,2013/1/4,13391.049809999999,13447.11035,13376.23047,13435.20996,13435.20996,107590000
531,2013/1/7,13436.12988,13436.12988,13343.32031,13384.29004,13384.29004,113120000
532,2013/1/8,13377.41992,13377.41992,13293.12988,13328.84961,13328.84961,129570000
533,2013/1/9,13329.91992,13416.549809999999,13329.08008,13390.50977,13390.50977,123070000
534,2013/1/10,13391.82031,13478.2002,13382.29004,13471.21973,13471.21973,133520000
535,2013/1/11,13471.4502,13496.67969,13439.96973,13488.42969,13488.42969,119200000
536,2013/1/14,13488.42969,13520.17969,13459.83984,13507.32031,13507.32031,118460000
537,2013/1/15,13507.32031,13546.37012,13445.799809999999,13534.88965,13534.88965,102280000
538,2013/1/16,13534.88965,13534.88965,13468.95996,13511.230469999999,13511.230469999999,118540000
539,2013/1/17,13511.230469999999,13633.88965,13510.240230000001,13596.019530000001,13596.019530000001,183900000
540,2013/1/18,13596.019530000001,13649.92969,13571.86035,13649.7002,13649.7002,260900000
541,2013/1/22,13649.7002,13712.20996,13622.95996,13712.20996,13712.20996,144300000
542,2013/1/23,13712.20996,13794.29004,13710.12988,13779.330080000002,13779.330080000002,104490000
543,2013/1/24,13779.330080000002,13879.66016,13779.330080000002,13825.330080000002,13825.330080000002,124780000
544,2013/1/25,13825.330080000002,13895.980469999999,13825.330080000002,13895.980469999999,13895.980469999999,130300000
545,2013/1/28,13895.980469999999,13915.71973,13862.57031,13881.92969,13881.92969,113570000
546,2013/1/29,13881.92969,13969.990230000001,13880.009769999999,13954.419919999998,13954.419919999998,108230000
547,2013/1/30,13954.419919999998,13966.12988,13896.9502,13910.419919999998,13910.419919999998,117200000
548,2013/1/31,13910.419919999998,13941.05957,13860.580080000002,13860.580080000002,13860.580080000002,142600000
549,2013/2/1,13860.580080000002,14019.78027,13860.580080000002,14009.79004,14009.79004,128420000
550,2013/2/4,14009.79004,14009.79004,13866.830080000002,13880.080080000002,13880.080080000002,130420000
551,2013/2/5,13880.080080000002,14013.59961,13880.080080000002,13979.299809999999,13979.299809999999,134390000
552,2013/2/6,13979.299809999999,13991.61035,13913.17969,13986.519530000001,13986.519530000001,127560000
553,2013/2/7,13986.519530000001,13988.05957,13852.2002,13944.049809999999,13944.049809999999,118530000
554,2013/2/8,13944.049809999999,14022.62012,13944.049809999999,13992.96973,13992.96973,99860000
555,2013/2/11,13992.96973,13992.96973,13940.41016,13971.240230000001,13971.240230000001,75090000
556,2013/2/12,13971.240230000001,14038.96973,13968.94043,14018.7002,14018.7002,117180000
557,2013/2/13,14018.7002,14029.34961,13945.78027,13982.91016,13982.91016,130520000
558,2013/2/14,13982.91016,13990.36035,13921.94043,13973.38965,13973.38965,114800000
559,2013/2/15,13973.38965,14001.92969,13906.730469999999,13981.759769999999,13981.759769999999,195670000
560,2013/2/19,13981.759769999999,14044.82031,13977.90039,14035.669919999998,14035.669919999998,136410000
561,2013/2/20,14035.669919999998,14058.269530000001,13919.28027,13927.54004,13927.54004,138540000
562,2013/2/21,13927.54004,13927.54004,13834.40039,13880.62012,13880.62012,131410000
563,2013/2/22,13880.62012,14001.19043,13880.62012,14000.57031,14000.57031,139850000
564,2013/2/25,14000.57031,14081.580080000002,13784.009769999999,13784.169919999998,13784.169919999998,152190000
565,2013/2/26,13784.169919999998,13918.44043,13784.169919999998,13900.12988,13900.12988,132580000
566,2013/2/27,13900.12988,14104.86035,13880.19043,14075.37012,14075.37012,107010000
567,2013/2/28,14075.37012,14149.15039,14050.17969,14054.490230000001,14054.490230000001,177150000
568,2013/3/1,14054.490230000001,14107.08984,13937.59961,14089.66016,14089.66016,125920000
569,2013/3/4,14089.66016,14128.20996,14030.37012,14127.82031,14127.82031,110810000
570,2013/3/5,14127.82031,14286.37012,14127.82031,14253.769530000001,14253.769530000001,112100000
571,2013/3/6,14253.769530000001,14320.65039,14253.0,14296.240230000001,14296.240230000001,116510000
572,2013/3/7,14296.240230000001,14354.69043,14296.240230000001,14329.490230000001,14329.490230000001,117080000
573,2013/3/8,14329.490230000001,14413.169919999998,14329.490230000001,14397.07031,14397.07031,115630000
574,2013/3/11,14397.07031,14448.05957,14373.32031,14447.29004,14447.29004,94880000
575,2013/3/12,14447.29004,14478.799809999999,14412.05957,14450.05957,14450.05957,102100000
576,2013/3/13,14450.05957,14472.799809999999,14411.66016,14455.28027,14455.28027,83920000
577,2013/3/14,14455.28027,14539.29004,14455.28027,14539.13965,14539.13965,117390000
578,2013/3/15,14539.13965,14539.13965,14470.5,14514.11035,14514.11035,407770000
579,2013/3/18,14514.11035,14521.58984,14404.20996,14452.05957,14452.05957,119640000
580,2013/3/19,14452.05957,14514.33984,14382.08984,14455.82031,14455.82031,122170000
581,2013/3/20,14455.82031,14546.82031,14455.82031,14511.730469999999,14511.730469999999,121240000
582,2013/3/21,14511.730469999999,14511.730469999999,14383.019530000001,14421.490230000001,14421.490230000001,110450000
583,2013/3/22,14421.490230000001,14519.9502,14421.490230000001,14512.03027,14512.03027,101450000
584,2013/3/25,14512.03027,14563.75,14395.0,14447.75,14447.75,124840000
585,2013/3/26,14447.75,14561.54004,14447.75,14559.65039,14559.65039,96030000
586,2013/3/27,14559.65039,14559.65039,14439.549809999999,14526.16016,14526.16016,92680000
587,2013/3/28,14526.16016,14585.09961,14520.86035,14578.54004,14578.54004,153710000
588,2013/4/1,14578.54004,14605.71973,14531.480469999999,14572.84961,14572.84961,91400000
589,2013/4/2,14572.84961,14684.490230000001,14572.84961,14662.009769999999,14662.009769999999,98420000
590,2013/4/3,14662.009769999999,14683.12988,14525.36035,14550.34961,14550.34961,127140000
591,2013/4/4,14550.34961,14625.240230000001,14538.71973,14606.11035,14606.11035,104790000
592,2013/4/5,14606.11035,14606.11035,14434.42969,14565.25,14565.25,131250000
593,2013/4/8,14565.25,14613.480469999999,14497.799809999999,14613.480469999999,14613.480469999999,106680000
594,2013/4/9,14613.480469999999,14716.45996,14598.5,14673.45996,14673.45996,128580000
595,2013/4/10,14673.45996,14826.66016,14673.45996,14802.240230000001,14802.240230000001,120520000
596,2013/4/11,14802.240230000001,14887.509769999999,14785.36035,14865.13965,14865.13965,144570000
597,2013/4/12,14865.13965,14865.20996,14790.57031,14865.05957,14865.05957,119570000
598,2013/4/15,14865.05957,14865.05957,14598.580080000002,14599.2002,14599.2002,161680000
599,2013/4/16,14599.2002,14761.730469999999,14599.2002,14756.78027,14756.78027,126320000
600,2013/4/17,14756.78027,14756.78027,14560.80957,14618.58984,14618.58984,168010000
601,2013/4/18,14618.58984,14650.259769999999,14495.29004,14537.13965,14537.13965,158050000
602,2013/4/19,14537.13965,14553.730469999999,14444.03027,14547.509769999999,14547.509769999999,207200000
603,2013/4/22,14547.509769999999,14588.830080000002,14457.59961,14567.169919999998,14567.169919999998,146890000
604,2013/4/23,14567.169919999998,14721.419919999998,14554.29004,14719.45996,14719.45996,137320000
605,2013/4/24,14719.45996,14747.419919999998,14666.54004,14676.299809999999,14676.299809999999,138020000
606,2013/4/25,14676.299809999999,14768.049809999999,14665.4502,14700.799809999999,14700.799809999999,129600000
607,2013/4/26,14700.799809999999,14743.490230000001,14684.82031,14712.549809999999,14712.549809999999,128910000
608,2013/4/29,14712.549809999999,14844.95996,14712.549809999999,14818.75,14818.75,97060000
609,2013/4/30,14818.75,14839.799809999999,14734.46973,14839.799809999999,14839.799809999999,148250000
610,2013/5/1,14839.799809999999,14839.799809999999,14687.049809999999,14700.9502,14700.9502,112620000
611,2013/5/2,14700.9502,14834.62988,14700.9502,14831.580080000002,14831.580080000002,91180000
612,2013/5/3,14831.580080000002,15009.58984,14831.580080000002,14973.95996,14973.95996,119890000
613,2013/5/6,14973.95996,14988.87012,14941.08984,14968.88965,14968.88965,116160000
614,2013/5/7,14968.88965,15056.669919999998,14968.88965,15056.2002,15056.2002,117230000
615,2013/5/8,15056.2002,15106.80957,15021.87012,15105.12012,15105.12012,113510000
616,2013/5/9,15105.12012,15144.830080000002,15046.87012,15082.62012,15082.62012,97810000
617,2013/5/10,15082.62012,15118.490230000001,15038.17969,15118.490230000001,15118.490230000001,98980000
618,2013/5/13,15113.419919999998,15113.419919999998,15053.45996,15091.67969,15091.67969,94280000
619,2013/5/14,15091.67969,15219.549809999999,15089.299809999999,15215.25,15215.25,124590000
620,2013/5/15,15211.87012,15301.33984,15175.38965,15275.69043,15275.69043,124030000
621,2013/5/16,15273.919919999998,15302.490230000001,15215.82031,15233.21973,15233.21973,145090000
622,2013/5/17,15234.75,15357.40039,15234.75,15354.40039,15354.40039,175750000
623,2013/5/20,15348.330080000002,15391.83984,15314.15039,15335.28027,15335.28027,116420000
624,2013/5/21,15334.96973,15434.5,15325.67969,15387.580080000002,15387.580080000002,122970000
625,2013/5/22,15387.12012,15542.40039,15265.95996,15307.169919999998,15307.169919999998,171850000
626,2013/5/23,15300.57031,15348.41016,15180.230469999999,15294.5,15294.5,148810000
627,2013/5/24,15290.740230000001,15306.70996,15199.62988,15303.09961,15303.09961,105660000
628,2013/5/28,15307.330080000002,15521.490230000001,15307.330080000002,15409.38965,15409.38965,130680000
629,2013/5/29,15399.94043,15400.25,15229.53027,15302.799809999999,15302.799809999999,114020000
630,2013/5/30,15306.019530000001,15398.7002,15280.990230000001,15324.53027,15324.53027,121150000
631,2013/5/31,15322.21973,15392.37988,15115.57031,15115.57031,15115.57031,208830000
632,2013/6/3,15123.549809999999,15254.11035,15123.549809999999,15254.03027,15254.03027,147980000
633,2013/6/4,15255.21973,15304.980469999999,15100.78027,15177.54004,15177.54004,134280000
634,2013/6/5,15168.09961,15168.62988,14945.57031,14960.58984,14960.58984,141400000
635,2013/6/6,14955.4502,15040.62012,14844.21973,15040.62012,15040.62012,140410000
636,2013/6/7,15044.45996,15255.580080000002,15044.45996,15248.12012,15248.12012,137380000
637,2013/6/10,15247.80957,15300.63965,15211.25,15238.58984,15238.58984,94250000
638,2013/6/11,15231.37988,15251.07031,15086.08984,15122.019530000001,15122.019530000001,101610000
639,2013/6/12,15130.38965,15241.28027,14981.20996,14995.230469999999,14995.230469999999,105770000
640,2013/6/13,14992.54004,15202.269530000001,14953.4502,15176.080080000002,15176.080080000002,104490000
641,2013/6/14,15178.080080000002,15205.919919999998,15044.799809999999,15070.17969,15070.17969,107430000
642,2013/6/17,15078.70996,15261.70996,15078.70996,15179.84961,15179.84961,139250000
643,2013/6/18,15186.299809999999,15340.08984,15186.299809999999,15318.230469999999,15318.230469999999,99210000
644,2013/6/19,15315.46973,15322.07031,15112.11035,15112.19043,15112.19043,111380000
645,2013/6/20,15105.509769999999,15105.509769999999,14732.03027,14758.32031,14758.32031,172630000
646,2013/6/21,14760.62012,14858.55957,14688.42969,14799.40039,14799.40039,420080000
647,2013/6/24,14795.79004,14795.79004,14551.269530000001,14659.55957,14659.55957,158670000
648,2013/6/25,14669.69043,14812.03027,14669.69043,14760.30957,14760.30957,135940000
649,2013/6/26,14769.990230000001,14938.980469999999,14769.67969,14910.13965,14910.13965,133230000
650,2013/6/27,14921.28027,15075.009769999999,14921.28027,15024.490230000001,15024.490230000001,113650000
651,2013/6/28,15016.580080000002,15034.62988,14884.799809999999,14909.59961,14909.59961,230000000
652,2013/7/1,14911.59961,15083.28027,14911.59961,14974.95996,14974.95996,120570000
653,2013/7/2,14974.95996,15049.21973,14870.509769999999,14932.41016,14932.41016,116610000
654,2013/7/3,14923.730469999999,15025.90039,14858.92969,14988.37012,14988.37012,61000000
655,2013/7/5,14995.45996,15137.509769999999,14971.2002,15135.83984,15135.83984,94560000
656,2013/7/8,15137.21973,15262.71973,15137.21973,15224.69043,15224.69043,136820000
657,2013/7/9,15228.45996,15320.419919999998,15228.45996,15300.33984,15300.33984,109270000
658,2013/7/10,15298.03027,15348.9502,15258.88965,15291.66016,15291.66016,105050000
659,2013/7/11,15298.0,15483.549809999999,15298.0,15460.919919999998,15460.919919999998,124950000
660,2013/7/12,15460.69043,15498.38965,15410.269530000001,15464.299809999999,15464.299809999999,130140000
661,2013/7/15,15459.69043,15509.480469999999,15455.769530000001,15484.259769999999,15484.259769999999,99430000
662,2013/7/16,15485.03027,15498.16016,15415.70996,15451.84961,15451.84961,105970000
663,2013/7/17,15456.919919999998,15502.0,15438.12012,15470.519530000001,15470.519530000001,126240000
664,2013/7/18,15465.91016,15589.40039,15465.91016,15548.54004,15548.54004,136270000
665,2013/7/19,15524.269530000001,15544.549809999999,15491.95996,15543.740230000001,15543.740230000001,229260000
666,2013/7/22,15543.96973,15576.20996,15516.2002,15545.549809999999,15545.549809999999,180920000
667,2013/7/23,15547.0,15604.21973,15544.05957,15567.740230000001,15567.740230000001,98700000
668,2013/7/24,15576.69043,15602.59961,15496.83984,15542.240230000001,15542.240230000001,99320000
669,2013/7/25,15539.169919999998,15560.330080000002,15455.58984,15555.61035,15555.61035,103260000
670,2013/7/26,15547.84961,15560.96973,15405.16016,15558.830080000002,15558.830080000002,94880000
671,2013/7/29,15557.13965,15557.13965,15482.269530000001,15521.96973,15521.96973,87240000
672,2013/7/30,15534.490230000001,15593.91016,15479.12988,15520.58984,15520.58984,117550000
673,2013/7/31,15528.57031,15634.32031,15492.95996,15499.54004,15499.54004,145120000
674,2013/8/1,15503.84961,15650.69043,15503.84961,15628.019530000001,15628.019530000001,111040000
675,2013/8/2,15627.55957,15658.42969,15558.67969,15658.36035,15658.36035,104840000
676,2013/8/5,15651.980469999999,15655.20996,15584.830080000002,15612.12988,15612.12988,76850000
677,2013/8/6,15608.44043,15608.44043,15473.40039,15518.740230000001,15518.740230000001,87730000
678,2013/8/7,15516.20996,15516.20996,15421.75,15470.669919999998,15470.669919999998,88430000
679,2013/8/8,15477.269530000001,15557.12012,15418.59961,15498.32031,15498.32031,90990000
680,2013/8/9,15496.62988,15507.759769999999,15346.65039,15425.509769999999,15425.509769999999,81180000
681,2013/8/12,15415.21973,15441.75,15359.92969,15419.67969,15419.67969,78060000
682,2013/8/13,15420.67969,15504.13965,15342.33984,15451.009769999999,15451.009769999999,84790000
683,2013/8/14,15447.70996,15453.080080000002,15316.62012,15337.66016,15337.66016,91030000
684,2013/8/15,15332.70996,15332.70996,15094.03027,15112.19043,15112.19043,128340000
685,2013/8/16,15112.57031,15139.769530000001,15054.37988,15081.46973,15081.46973,151620000
686,2013/8/19,15076.79004,15106.38965,15005.419919999998,15010.740230000001,15010.740230000001,111660000
687,2013/8/20,15011.82031,15074.919919999998,14992.16016,15002.990230000001,15002.990230000001,102340000
688,2013/8/21,14993.80957,15019.7002,14880.83984,14897.549809999999,14897.549809999999,98340000
689,2013/8/22,14908.59961,14989.12012,14899.0,14963.740230000001,14963.740230000001,153490000
690,2013/8/23,14988.78027,15025.55957,14931.240230000001,15010.509769999999,15010.509769999999,131860000
691,2013/8/26,15014.580080000002,15049.980469999999,14945.240230000001,14946.45996,14946.45996,102820000
692,2013/8/27,14939.25,14939.25,14765.419919999998,14776.12988,14776.12988,118610000
693,2013/8/28,14770.990230000001,14867.40039,14760.41016,14824.509769999999,14824.509769999999,104620000
694,2013/8/29,14817.91016,14916.009769999999,14792.11035,14840.9502,14840.9502,93170000
695,2013/8/30,14844.09961,14848.240230000001,14762.34961,14810.30957,14810.30957,135850000
696,2013/9/3,14801.549809999999,14933.34961,14777.480469999999,14833.95996,14833.95996,142530000
697,2013/9/4,14832.419919999998,14956.740230000001,14799.08984,14930.87012,14930.87012,122150000
698,2013/9/5,14929.490230000001,14987.46973,14923.269530000001,14937.480469999999,14937.480469999999,101010000
699,2013/9/6,14941.549809999999,15009.83984,14789.40039,14922.5,14922.5,108410000
700,2013/9/9,14927.19043,15088.41016,14927.19043,15063.12012,15063.12012,90660000
701,2013/9/10,15067.230469999999,15192.12988,15067.230469999999,15191.05957,15191.05957,103200000
702,2013/9/11,15194.12988,15326.59961,15194.12988,15326.59961,15326.59961,102090000
703,2013/9/12,15327.13965,15345.32031,15283.259769999999,15300.63965,15300.63965,99760000
704,2013/9/13,15312.86035,15380.96973,15312.86035,15376.05957,15376.05957,90890000
705,2013/9/16,15381.36035,15549.87012,15381.36035,15494.78027,15494.78027,105740000
706,2013/9/17,15503.15039,15555.07031,15503.15039,15529.730469999999,15529.730469999999,104480000
707,2013/9/18,15533.03027,15709.580080000002,15470.16016,15676.94043,15676.94043,145410000
708,2013/9/19,15677.86035,15695.88965,15625.4502,15636.549809999999,15636.549809999999,116280000
709,2013/9/20,15635.08984,15654.769530000001,15448.08984,15451.08984,15451.08984,379650000
710,2013/9/23,15452.30957,15466.9502,15368.25,15401.37988,15401.37988,94920000
711,2013/9/24,15402.54004,15433.75,15327.13965,15334.58984,15334.58984,85430000
712,2013/9/25,15339.019530000001,15372.480469999999,15253.16016,15273.259769999999,15273.259769999999,81890000
713,2013/9/26,15274.419919999998,15387.19043,15274.419919999998,15328.299809999999,15328.299809999999,79050000
714,2013/9/27,15317.4502,15317.4502,15211.80957,15258.240230000001,15258.240230000001,95660000
715,2013/9/30,15249.82031,15249.82031,15086.70996,15129.669919999998,15129.669919999998,122330000
716,2013/10/1,15132.490230000001,15208.40039,15110.33984,15191.7002,15191.7002,82460000
717,2013/10/2,15182.65039,15182.65039,15044.70996,15133.13965,15133.13965,86090000
718,2013/10/3,15127.230469999999,15127.230469999999,14947.03027,14996.480469999999,14996.480469999999,91300000
719,2013/10/4,14994.67969,15083.990230000001,14972.330080000002,15072.580080000002,15072.580080000002,75100000
720,2013/10/7,15069.299809999999,15069.299809999999,14920.830080000002,14936.240230000001,14936.240230000001,79620000
721,2013/10/8,14938.04004,14938.04004,14773.46973,14776.53027,14776.53027,102690000
722,2013/10/9,14778.19043,14852.5,14719.42969,14802.980469999999,14802.980469999999,103190000
723,2013/10/10,14806.38965,15126.07031,14806.38965,15126.07031,15126.07031,106540000
724,2013/10/11,15126.519530000001,15237.299809999999,15100.12988,15237.11035,15237.11035,85730000
725,2013/10/14,15231.330080000002,15309.480469999999,15136.37988,15301.259769999999,15301.259769999999,81420000
726,2013/10/15,15300.299809999999,15301.91016,15161.330080000002,15168.009769999999,15168.009769999999,91440000
727,2013/10/16,15170.7002,15374.15039,15170.7002,15373.830080000002,15373.830080000002,92850000
728,2013/10/17,15369.45996,15376.11035,15229.019530000001,15371.65039,15371.65039,108490000
729,2013/10/18,15371.70996,15412.96973,15321.80957,15399.65039,15399.65039,156660000
730,2013/10/21,15401.32031,15410.17969,15362.66016,15392.2002,15392.2002,93660000
731,2013/10/22,15394.21973,15518.09961,15394.21973,15467.66016,15467.66016,107030000
732,2013/10/23,15465.33984,15465.66016,15366.19043,15413.330080000002,15413.330080000002,90630000
733,2013/10/24,15414.87012,15528.62988,15414.12988,15509.20996,15509.20996,89240000
734,2013/10/25,15523.71973,15570.59961,15512.95996,15570.28027,15570.28027,109900000
735,2013/10/28,15569.19043,15599.08984,15533.480469999999,15568.92969,15568.92969,92760000
736,2013/10/29,15572.20996,15683.080080000002,15572.20996,15680.34961,15680.34961,86600000
737,2013/10/30,15680.740230000001,15721.0,15574.519530000001,15618.759769999999,15618.759769999999,79170000
738,2013/10/31,15619.919919999998,15651.86035,15544.69043,15545.75,15545.75,114050000
739,2013/11/1,15558.009769999999,15649.40039,15543.25,15615.549809999999,15615.549809999999,101830000
740,2013/11/4,15621.2002,15658.90039,15588.480469999999,15639.12012,15639.12012,71200000
741,2013/11/5,15631.21973,15651.88965,15522.17969,15618.21973,15618.21973,91890000
742,2013/11/6,15628.71973,15750.29004,15628.71973,15746.87988,15746.87988,109200000
743,2013/11/7,15751.30957,15797.67969,15586.330080000002,15593.980469999999,15593.980469999999,103860000
744,2013/11/8,15591.54004,15764.29004,15579.34961,15761.78027,15761.78027,101200000
745,2013/11/11,15759.28027,15791.4502,15737.21973,15783.09961,15783.09961,58860000
746,2013/11/12,15773.15039,15793.37988,15708.29004,15750.669919999998,15750.669919999998,79260000
747,2013/11/13,15739.5,15822.980469999999,15672.0,15821.62988,15821.62988,92450000
748,2013/11/14,15806.21973,15884.990230000001,15798.740230000001,15876.21973,15876.21973,123860000
749,2013/11/15,15876.16016,15962.980469999999,15875.90039,15961.7002,15961.7002,126460000
750,2013/11/18,15962.71973,16030.28027,15942.169919999998,15976.019530000001,15976.019530000001,94860000
751,2013/11/19,15974.05957,16025.84961,15943.78027,15967.03027,15967.03027,84570000
752,2013/11/20,15971.2002,16016.84961,15865.37012,15900.82031,15900.82031,84350000
753,2013/11/21,15908.07031,16016.04004,15908.07031,16009.990230000001,16009.990230000001,79000000
754,2013/11/22,16008.70996,16068.78027,15976.269530000001,16064.769530000001,16064.769530000001,81000000
755,2013/11/25,16072.08984,16109.62988,16055.45996,16072.54004,16072.54004,94040000
756,2013/11/26,16070.92969,16120.25,16070.92969,16072.799809999999,16072.799809999999,107450000
757,2013/11/27,16073.37012,16107.990230000001,16057.33984,16097.330080000002,16097.330080000002,65730000
758,2013/11/29,16105.16016,16174.509769999999,16074.13965,16086.41016,16086.41016,69190000
759,2013/12/2,16087.12012,16098.0,15986.230469999999,16008.769530000001,16008.769530000001,92590000
760,2013/12/3,16004.71973,16004.71973,15859.67969,15914.62012,15914.62012,103910000
761,2013/12/4,15910.509769999999,15960.36035,15791.29004,15889.769530000001,15889.769530000001,111180000
762,2013/12/5,15886.5,15896.19043,15809.37012,15821.509769999999,15821.509769999999,128080000
763,2013/12/6,15825.549809999999,16022.34961,15825.549809999999,16020.2002,16020.2002,98260000
764,2013/12/9,16019.490230000001,16058.40039,16015.29004,16025.53027,16025.53027,91810000
765,2013/12/10,16024.12012,16029.05957,15969.53027,15973.12988,15973.12988,79420000
766,2013/12/11,15970.75,15997.21973,15827.7002,15843.53027,15843.53027,107170000
767,2013/12/12,15844.82031,15845.11035,15703.79004,15739.42969,15739.42969,105870000
768,2013/12/13,15745.66016,15792.799809999999,15717.919919999998,15755.36035,15755.36035,83180000
769,2013/12/16,15759.59961,15930.30957,15759.59961,15884.57031,15884.57031,101470000
770,2013/12/17,15884.05957,15917.95996,15836.4502,15875.259769999999,15875.259769999999,101490000
771,2013/12/18,15876.57031,16173.04004,15808.919919999998,16167.96973,16167.96973,129620000
772,2013/12/19,16162.509769999999,16194.71973,16121.54004,16179.080080000002,16179.080080000002,94980000
773,2013/12/20,16178.57031,16287.83984,16178.57031,16221.13965,16221.13965,285190000
774,2013/12/23,16225.25,16318.11035,16225.25,16294.61035,16294.61035,78930000
775,2013/12/24,16295.7002,16360.59961,16295.7002,16357.549809999999,16357.549809999999,33640000
776,2013/12/26,16370.96973,16483.0,16370.96973,16479.88086,16479.88086,50160000
777,2013/12/27,16486.36914,16529.00977,16461.23047,16478.41016,16478.41016,47230000
778,2013/12/30,16484.50977,16504.34961,16476.86914,16504.28906,16504.28906,54220000
779,2013/12/31,16512.38086,16588.25,16511.48047,16576.66016,16576.66016,78760000
780,2014/1/2,16572.16992,16573.07031,16416.49023,16441.34961,16441.34961,80960000
781,2014/1/3,16456.89063,16518.74023,16439.30078,16469.99023,16469.99023,72770000
782,2014/1/6,16474.03906,16532.99023,16405.51953,16425.09961,16425.09961,89380000
783,2014/1/7,16429.01953,16562.32031,16429.01953,16530.93945,16530.93945,81270000
784,2014/1/8,16527.66016,16528.88086,16416.68945,16462.74023,16462.74023,103260000
785,2014/1/9,16471.41016,16525.34961,16378.61035,16444.75977,16444.75977,83990000
786,2014/1/10,16453.61914,16487.65039,16379.019530000001,16437.05078,16437.05078,85190000
787,2014/1/13,16434.0293,16453.13086,16240.59961,16257.94043,16257.94043,111680000
788,2014/1/14,16261.990230000001,16373.919919999998,16260.830080000002,16373.86035,16373.86035,98610000
789,2014/1/15,16378.03027,16505.2793,16376.78027,16481.93945,16481.93945,101130000
790,2014/1/16,16477.69922,16477.69922,16375.55957,16417.00977,16417.00977,87370000
791,2014/1/17,16408.01953,16495.25977,16378.799809999999,16458.56055,16458.56055,184970000
792,2014/1/21,16459.26953,16520.59961,16316.25,16414.43945,16414.43945,111570000
793,2014/1/22,16420.48047,16453.49023,16332.980469999999,16373.33984,16373.33984,87470000
794,2014/1/23,16371.990230000001,16372.95996,16140.580080000002,16197.34961,16197.34961,100540000
795,2014/1/24,16203.29004,16203.29004,15879.11035,15879.11035,15879.11035,141450000
796,2014/1/27,15879.049809999999,15942.769530000001,15783.549809999999,15837.87988,15837.87988,127540000
797,2014/1/28,15840.83984,15945.88965,15840.83984,15928.55957,15928.55957,89110000
798,2014/1/29,15927.080080000002,15927.080080000002,15708.980469999999,15738.79004,15738.79004,109590000
799,2014/1/30,15743.03027,15907.53027,15733.269530000001,15848.61035,15848.61035,92100000
800,2014/1/31,15847.19043,15847.19043,15617.549809999999,15698.84961,15698.84961,137090000
801,2014/2/3,15697.69043,15708.54004,15356.169919999998,15372.799809999999,15372.799809999999,151050000
802,2014/2/4,15372.92969,15481.84961,15356.62012,15445.240230000001,15445.240230000001,124110000
803,2014/2/5,15443.0,15478.20996,15340.69043,15440.230469999999,15440.230469999999,105130000
804,2014/2/6,15443.830080000002,15632.08984,15443.0,15628.53027,15628.53027,106980000
805,2014/2/7,15630.63965,15798.509769999999,15625.53027,15794.080080000002,15794.080080000002,105780000
806,2014/2/10,15793.62988,15801.79004,15733.69043,15801.79004,15801.79004,84110000
807,2014/2/11,15804.169919999998,16027.19043,15803.40039,15994.769530000001,15994.769530000001,95930000
808,2014/2/12,15993.04004,16036.55957,15928.75,15963.94043,15963.94043,77310000
809,2014/2/13,15946.990230000001,16039.37012,15863.25,16027.58984,16027.58984,99470000
810,2014/2/14,16018.080080000002,16175.549809999999,15985.38965,16154.38965,16154.38965,84060000
811,2014/2/18,16153.96973,16167.330080000002,16107.04004,16130.40039,16130.40039,91250000
812,2014/2/19,16126.230469999999,16225.71973,16031.66016,16040.55957,16040.55957,80560000
813,2014/2/20,16044.15039,16161.63965,16006.58984,16133.230469999999,16133.230469999999,77720000
814,2014/2/21,16135.919919999998,16191.919919999998,16093.799809999999,16103.299809999999,16103.299809999999,126580000
815,2014/2/24,16102.269530000001,16300.04004,16102.269530000001,16207.13965,16207.13965,244580000
816,2014/2/25,16207.33984,16254.259769999999,16147.25,16179.66016,16179.66016,99470000
817,2014/2/26,16180.36035,16252.34961,16155.86035,16198.41016,16198.41016,93980000
818,2014/2/27,16197.7002,16276.28027,16159.80957,16272.65039,16272.65039,97640000
819,2014/2/28,16273.230469999999,16398.94922,16226.08984,16321.70996,16321.70996,122110000
820,2014/3/3,16321.70996,16321.70996,16071.25,16168.03027,16168.03027,92760000
821,2014/3/4,16169.32031,16419.49023,16169.32031,16395.88086,16395.88086,96120000
822,2014/3/5,16395.88086,16406.55078,16343.95996,16360.17969,16360.17969,73980000
823,2014/3/6,16360.55957,16450.16992,16360.55957,16421.89063,16421.89063,75900000
824,2014/3/7,16424.5293,16505.69922,16398.85938,16452.7207,16452.7207,80690000
825,2014/3/10,16453.09961,16453.09961,16334.2002,16418.67969,16418.67969,68210000
826,2014/3/11,16419.39063,16460.33008,16325.169919999998,16351.25,16351.25,78150000
827,2014/3/12,16350.669919999998,16364.740230000001,16260.03027,16340.080080000002,16340.080080000002,77900000
828,2014/3/13,16341.549809999999,16405.07031,16084.09961,16108.88965,16108.88965,86160000
829,2014/3/14,16106.32031,16165.049809999999,16046.990230000001,16065.669919999998,16065.669919999998,85660000
830,2014/3/17,16066.37012,16270.33984,16066.37012,16247.21973,16247.21973,88930000
831,2014/3/18,16245.92969,16369.94043,16245.92969,16336.19043,16336.19043,79140000
832,2014/3/19,16335.70996,16363.32031,16126.29004,16222.169919999998,16222.169919999998,90110000
833,2014/3/20,16221.980469999999,16353.980469999999,16160.330080000002,16331.049809999999,16331.049809999999,91530000
834,2014/3/21,16332.69043,16456.44922,16290.79004,16302.769530000001,16302.769530000001,353670000
835,2014/3/24,16303.28027,16380.509769999999,16215.55957,16276.69043,16276.69043,110620000
836,2014/3/25,16279.2002,16407.17969,16279.2002,16367.87988,16367.87988,89110000
837,2014/3/26,16370.70996,16466.03906,16268.990230000001,16268.990230000001,16268.990230000001,92770000
838,2014/3/27,16268.669919999998,16300.94043,16191.79004,16264.230469999999,16264.230469999999,93650000
839,2014/3/28,16267.769530000001,16414.85938,16267.769530000001,16323.05957,16323.05957,86370000
840,2014/3/31,16324.21973,16480.84961,16324.21973,16457.66016,16457.66016,104510000
841,2014/4/1,16458.05078,16565.73047,16457.59961,16532.60938,16532.60938,88010000
842,2014/4/2,16532.80078,16588.18945,16506.59961,16573.0,16573.0,78120000
843,2014/4/3,16572.35938,16604.15039,16527.59961,16572.55078,16572.55078,77220000
844,2014/4/4,16576.01953,16631.63086,16392.76953,16412.71094,16412.71094,104350000
845,2014/4/7,16414.15039,16421.38086,16244.009769999999,16245.87012,16245.87012,116540000
846,2014/4/8,16245.16016,16296.86035,16180.28027,16256.13965,16256.13965,98510000
847,2014/4/9,16256.37012,16438.82031,16256.37012,16437.17969,16437.17969,91550000
848,2014/4/10,16437.24023,16456.11914,16153.33984,16170.21973,16170.21973,112550000
849,2014/4/11,16168.87012,16168.87012,16015.32031,16026.75,16026.75,119550000
850,2014/4/14,16028.29004,16184.759769999999,16028.29004,16173.240230000001,16173.240230000001,90020000
851,2014/4/15,16173.490230000001,16272.9502,16063.2002,16262.55957,16262.55957,97850000
852,2014/4/16,16266.230469999999,16424.84961,16266.230469999999,16424.84961,16424.84961,94650000
853,2014/4/17,16424.14063,16460.49023,16368.13965,16408.53906,16408.53906,136190000
854,2014/4/21,16408.91992,16459.7793,16402.08008,16449.25,16449.25,79500000
855,2014/4/22,16449.38086,16565.71094,16449.38086,16514.36914,16514.36914,84830000
856,2014/4/23,16513.73047,16525.99023,16477.2793,16501.65039,16501.65039,76830000
857,2014/4/24,16503.39063,16541.25977,16452.30078,16501.65039,16501.65039,80340000
858,2014/4/25,16503.25977,16503.25977,16333.78027,16361.45996,16361.45996,90630000
859,2014/4/28,16363.2002,16500.36914,16312.66016,16448.74023,16448.74023,105510000
860,2014/4/29,16451.17969,16559.39063,16451.17969,16535.36914,16535.36914,71240000
861,2014/4/30,16534.85938,16592.2793,16510.86914,16580.83984,16580.83984,92970000
862,2014/5/1,16580.25977,16604.78906,16525.25,16558.86914,16558.86914,75630000
863,2014/5/2,16562.33984,16620.06055,16488.31055,16512.89063,16512.89063,78910000
864,2014/5/5,16509.75,16547.91992,16377.08984,16530.55078,16530.55078,70320000
865,2014/5/6,16529.84961,16529.84961,16399.99023,16401.01953,16401.01953,74340000
866,2014/5/7,16401.66016,16522.93945,16357.34961,16518.53906,16518.53906,93870000
867,2014/5/8,16518.16016,16622.94922,16502.00977,16550.9707,16550.9707,75620000
868,2014/5/9,16551.23047,16588.76953,16498.71094,16583.33984,16583.33984,74980000
869,2014/5/12,16584.82031,16704.83984,16584.82031,16695.4707,16695.4707,71550000
870,2014/5/13,16695.91992,16735.50977,16695.91992,16715.43945,16715.43945,71340000
871,2014/5/14,16716.08008,16717.56055,16595.0,16613.9707,16613.9707,71970000
872,2014/5/15,16613.51953,16622.90039,16397.46094,16446.81055,16446.81055,106610000
873,2014/5/16,16447.32031,16498.99023,16414.32031,16491.31055,16491.31055,119330000
874,2014/5/19,16490.34961,16526.25977,16442.11914,16511.85938,16511.85938,82180000
875,2014/5/20,16511.2207,16511.2207,16341.299809999999,16374.30957,16374.30957,75150000
876,2014/5/21,16376.169919999998,16544.59961,16376.169919999998,16533.06055,16533.06055,76730000
877,2014/5/22,16532.74023,16565.39063,16489.60938,16543.08008,16543.08008,59250000
878,2014/5/23,16544.49023,16613.07031,16544.49023,16606.26953,16606.26953,61340000
879,2014/5/27,16607.41992,16688.68945,16607.41992,16675.5,16675.5,80870000
880,2014/5/28,16674.98047,16674.98047,16620.2207,16633.17969,16633.17969,62480000
881,2014/5/29,16637.74023,16698.74023,16620.42969,16698.74023,16698.74023,55500000
882,2014/5/30,16697.33008,16721.2207,16648.84961,16717.16992,16717.16992,105190000
883,2014/6/2,16716.84961,16756.64063,16682.07031,16743.63086,16743.63086,57560000
884,2014/6/3,16736.69922,16736.69922,16690.00977,16722.33984,16722.33984,67830000
885,2014/6/4,16720.0,16742.91016,16673.65039,16737.5293,16737.5293,65570000
886,2014/6/5,16739.14063,16845.81055,16709.94922,16836.10938,16836.10938,70460000
887,2014/6/6,16839.64063,16924.2793,16839.64063,16924.2793,16924.2793,80530000
888,2014/6/9,16926.08008,16970.16992,16912.91992,16943.09961,16943.09961,67130000
889,2014/6/10,16940.40039,16946.33984,16897.43945,16945.91992,16945.91992,64560000
890,2014/6/11,16943.16016,16943.16016,16821.84961,16843.88086,16843.88086,61860000
891,2014/6/12,16840.48047,16841.57031,16703.73047,16734.18945,16734.18945,72560000
892,2014/6/13,16734.64063,16787.89063,16718.59961,16775.74023,16775.74023,95220000
893,2014/6/16,16765.56055,16802.14063,16722.85938,16781.00977,16781.00977,77900000
894,2014/6/17,16779.21094,16823.55078,16732.91016,16808.49023,16808.49023,63530000
895,2014/6/18,16806.11914,16911.41016,16755.28906,16906.61914,16906.61914,73720000
896,2014/6/19,16909.90039,16923.42969,16858.88086,16921.46094,16921.46094,80220000
897,2014/6/20,16920.61914,16978.01953,16920.61914,16947.08008,16947.08008,247350000
898,2014/6/23,16946.5,16954.26953,16896.08984,16937.25977,16937.25977,63640000
899,2014/6/24,16934.61914,16969.69922,16805.23047,16818.13086,16818.13086,80220000
900,2014/6/25,16817.67969,16883.53906,16799.41016,16867.50977,16867.50977,73920000
901,2014/6/26,16866.81055,16872.51953,16746.08984,16846.13086,16846.13086,63650000
902,2014/6/27,16846.90039,16862.73047,16773.83984,16851.83984,16851.83984,137690000
903,2014/6/30,16852.49023,16871.26953,16801.93945,16826.59961,16826.59961,90360000
904,2014/7/1,16828.5293,16998.69922,16828.5293,16956.07031,16956.07031,74050000
905,2014/7/2,16949.71094,16986.63086,16949.71094,16976.24023,16976.24023,57840000
906,2014/7/3,16979.0,17074.65039,16979.0,17068.25977,17068.25977,66800000
907,2014/7/7,17063.83008,17063.83008,16992.44922,17024.21094,17024.21094,61480000
908,2014/7/8,17022.08984,17022.08984,16874.78906,16906.61914,16906.61914,75250000
909,2014/7/9,16916.83008,16998.94922,16913.81055,16985.60938,16985.60938,67120000
910,2014/7/10,16980.34961,16980.34961,16805.38086,16915.07031,16915.07031,67510000
911,2014/7/11,16918.31055,16949.46094,16860.30078,16943.81055,16943.81055,61000000
912,2014/7/14,16950.92969,17088.42969,16950.92969,17055.41992,17055.41992,60570000
913,2014/7/15,17055.0293,17120.33984,17006.39063,17060.67969,17060.67969,101730000
914,2014/7/16,17061.91016,17139.34961,17061.91016,17138.19922,17138.19922,111500000
915,2014/7/17,17133.44922,17151.56055,16966.18945,16976.81055,16976.81055,99240000
916,2014/7/18,16978.16016,17113.50977,16977.51953,17100.17969,17100.17969,112530000
917,2014/7/21,17095.10938,17095.10938,16974.33984,17051.73047,17051.73047,67590000
918,2014/7/22,17054.9707,17133.42969,17040.13086,17113.53906,17113.53906,77960000
919,2014/7/23,17117.00977,17121.05078,17058.05078,17086.63086,17086.63086,73440000
920,2014/7/24,17092.01953,17119.83008,17061.07031,17083.80078,17083.80078,66390000
921,2014/7/25,17079.5,17082.33008,16915.65039,16960.57031,16960.57031,67290000
922,2014/7/28,16956.91016,17001.38086,16877.7207,16982.58984,16982.58984,66190000
923,2014/7/29,16984.33008,17056.46094,16912.10938,16912.10938,16912.10938,75980000
924,2014/7/30,16920.10938,16983.93945,16817.16016,16880.35938,16880.35938,77750000
925,2014/7/31,16869.63086,16869.63086,16563.30078,16563.30078,16563.30078,101670000
926,2014/8/1,16561.69922,16584.75,16437.07031,16493.36914,16493.36914,84860000
927,2014/8/4,16493.7207,16596.2207,16447.19922,16569.2793,16569.2793,76260000
928,2014/8/5,16559.9707,16559.9707,16369.549809999999,16429.4707,16429.4707,76630000
929,2014/8/6,16425.09961,16490.69922,16372.32031,16443.33984,16443.33984,78600000
930,2014/8/7,16448.28906,16504.34961,16333.78027,16368.269530000001,16368.269530000001,80430000
931,2014/8/8,16369.67969,16556.58984,16364.21973,16553.92969,16553.92969,82420000
932,2014/8/11,16557.26953,16627.99023,16557.26953,16569.98047,16569.98047,65560000
933,2014/8/12,16565.55078,16589.31055,16518.06055,16560.53906,16560.53906,62770000
934,2014/8/13,16567.53906,16670.28906,16567.53906,16651.80078,16651.80078,66020000
935,2014/8/14,16657.32031,16714.2207,16651.66992,16713.58008,16713.58008,62370000
936,2014/8/15,16717.00977,16775.26953,16575.41992,16662.91016,16662.91016,109180000
937,2014/8/18,16664.44922,16840.2793,16664.44922,16838.74023,16838.74023,75670000
938,2014/8/19,16839.06055,16929.13086,16839.06055,16919.58984,16919.58984,67220000
939,2014/8/20,16910.0293,16994.89063,16896.55078,16979.13086,16979.13086,61960000
940,2014/8/21,16983.88086,17074.58984,16983.88086,17039.49023,17039.49023,65160000
941,2014/8/22,17038.26953,17064.2793,16984.51953,17001.2207,17001.2207,64330000
942,2014/8/25,17011.81055,17124.74023,17011.81055,17076.86914,17076.86914,57400000
943,2014/8/26,17079.57031,17153.80078,17079.57031,17106.69922,17106.69922,50710000
944,2014/8/27,17111.0293,17134.59961,17090.60938,17122.00977,17122.00977,61690000
945,2014/8/28,17119.06055,17119.06055,17018.33008,17079.57031,17079.57031,51860000
946,2014/8/29,17083.41992,17110.41992,17035.38086,17098.44922,17098.44922,81500000
947,2014/9/2,17097.41992,17113.50977,17009.07031,17067.56055,17067.56055,64820000
948,2014/9/3,17067.24023,17151.89063,17060.21094,17078.2793,17078.2793,62770000
949,2014/9/4,17083.60938,17161.55078,17030.11914,17069.58008,17069.58008,68120000
950,2014/9/5,17065.89063,17137.35938,17009.61914,17137.35938,17137.35938,76630000
951,2014/9/8,17131.71094,17137.88086,17079.16992,17111.41992,17111.41992,65640000
952,2014/9/9,17110.39063,17111.55078,16993.28906,17013.86914,17013.86914,69030000
953,2014/9/10,17016.05078,17080.26953,16974.57031,17068.71094,17068.71094,76780000
954,2014/9/11,17057.41016,17057.41016,16983.88086,17049.0,17049.0,63650000
955,2014/9/12,17044.05078,17044.05078,16937.66992,16987.50977,16987.50977,82820000
956,2014/9/15,16988.75977,17051.84961,16951.38086,17031.14063,17031.14063,71740000
957,2014/9/16,17027.16016,17167.05078,16985.55078,17131.9707,17131.9707,73200000
958,2014/9/17,17131.00977,17221.10938,17089.00977,17156.84961,17156.84961,87810000
959,2014/9/18,17163.73047,17275.36914,17163.73047,17265.99023,17265.99023,85300000
960,2014/9/19,17267.21094,17350.64063,17257.46094,17279.74023,17279.74023,349620000
961,2014/9/22,17271.71094,17277.88086,17159.35938,17172.67969,17172.67969,74300000
962,2014/9/23,17165.91016,17171.88086,17055.86914,17055.86914,17055.86914,77090000
963,2014/9/24,17056.64063,17226.59961,17033.92969,17210.06055,17210.06055,80530000
964,2014/9/25,17204.85938,17204.85938,16945.80078,16945.80078,16945.80078,93520000
965,2014/9/26,16948.61914,17148.15039,16948.10938,17113.15039,17113.15039,74670000
966,2014/9/29,17107.68945,17107.68945,16934.42969,17071.2207,17071.2207,70220000
967,2014/9/30,17070.44922,17145.09961,17017.10938,17042.90039,17042.90039,102290000
968,2014/10/1,17040.46094,17041.16016,16776.13086,16804.71094,16804.71094,104240000
969,2014/10/2,16808.26953,16857.25,16674.03906,16801.05078,16801.05078,75490000
970,2014/10/3,16802.19922,17027.83984,16802.19922,17009.68945,17009.68945,87940000
971,2014/10/6,17010.33984,17099.39063,16930.38086,16991.91016,16991.91016,655450000
972,2014/10/7,16988.25,16988.25,16715.78906,16719.39063,16719.39063,79420000
973,2014/10/8,16718.65039,17006.91016,16663.25977,16994.2207,16994.2207,106930000
974,2014/10/9,16989.36914,16989.36914,16649.03906,16659.25,16659.25,93210000
975,2014/10/10,16654.88086,16757.59961,16543.91016,16544.09961,16544.09961,136370000
976,2014/10/13,16535.42969,16602.41016,16310.46973,16321.07031,16321.07031,107830000
977,2014/10/14,16321.90039,16463.66992,16273.63965,16315.19043,16315.19043,110410000
978,2014/10/15,16313.299809999999,16313.299809999999,15855.12012,16141.740230000001,16141.740230000001,160380000
979,2014/10/16,16137.13965,16211.12012,15935.21973,16117.240230000001,16117.240230000001,131670000
980,2014/10/17,16118.38965,16427.38086,16118.38965,16380.41016,16380.41016,137910000
981,2014/10/20,16373.15039,16401.63086,16260.54004,16399.66992,16399.66992,94320000
982,2014/10/21,16406.0293,16620.7793,16405.76953,16614.81055,16614.81055,105110000
983,2014/10/22,16615.25977,16653.89063,16459.84961,16461.32031,16461.32031,92050000
984,2014/10/23,16468.07031,16767.51953,16468.07031,16677.90039,16677.90039,99420000
985,2014/10/24,16677.03906,16811.71094,16649.7207,16805.41016,16805.41016,90400000
986,2014/10/27,16796.09961,16836.98047,16729.83008,16817.93945,16817.93945,72580000
987,2014/10/28,16825.18945,17006.44922,16825.18945,17005.75,17005.75,83870000
988,2014/10/29,17005.07031,17065.5,16895.38086,16974.31055,16974.31055,76450000
989,2014/10/30,16968.14063,17223.96094,16920.75977,17195.41992,17195.41992,80180000
990,2014/10/31,17208.7793,17395.53906,17208.7793,17390.51953,17390.51953,121610000
991,2014/11/3,17390.90039,17410.65039,17339.84961,17366.24023,17366.24023,80030000
992,2014/11/4,17368.81055,17397.23047,17278.35938,17383.83984,17383.83984,81390000
993,2014/11/5,17385.75977,17486.58984,17385.75977,17484.5293,17484.5293,76030000
994,2014/11/6,17491.66016,17560.31055,17440.34961,17554.4707,17554.4707,70670000
995,2014/11/7,17558.58008,17575.33008,17493.36914,17573.92969,17573.92969,82860000
996,2014/11/10,17568.98047,17621.86914,17547.50977,17613.74023,17613.74023,71430000
997,2014/11/11,17615.64063,17638.21094,17584.93945,17614.90039,17614.90039,52880000
998,2014/11/12,17604.75,17626.71094,17536.16992,17612.19922,17612.19922,75980000
999,2014/11/13,17618.68945,17705.48047,17583.88086,17652.78906,17652.78906,80540000
1000,2014/11/14,17653.10938,17664.15039,17613.19922,17634.74023,17634.74023,72850000
1001,2014/11/17,17631.84961,17675.07031,17606.81055,17647.75,17647.75,70330000
1002,2014/11/18,17643.08984,17735.71094,17642.0293,17687.82031,17687.82031,87420000
1003,2014/11/19,17685.50977,17712.25977,17624.5,17685.73047,17685.73047,73780000
1004,2014/11/20,17677.32031,17720.43945,17603.89063,17719.0,17719.0,77740000
1005,2014/11/21,17721.01953,17894.83008,17721.01953,17810.06055,17810.06055,140940000
1006,2014/11/24,17812.63086,17855.26953,17793.18945,17817.90039,17817.90039,85510000
1007,2014/11/25,17819.05078,17854.73047,17790.89063,17814.93945,17814.93945,88190000
1008,2014/11/26,17812.25,17833.75977,17791.16016,17827.75,17827.75,67450000
1009,2014/11/28,17830.55078,17893.41992,17807.7793,17828.24023,17828.24023,80470000
1010,2014/12/1,17827.26953,17827.26953,17726.55078,17776.80078,17776.80078,86390000
1011,2014/12/2,17778.84961,17897.05078,17778.84961,17879.55078,17879.55078,81970000
1012,2014/12/3,17880.90039,17924.15039,17855.58984,17912.61914,17912.61914,99400000
1013,2014/12/4,17910.01953,17937.96094,17814.81055,17900.09961,17900.09961,76270000
1014,2014/12/5,17903.05078,17991.18945,17903.05078,17958.78906,17958.78906,79110000
1015,2014/12/8,17954.93945,17960.56055,17804.2793,17852.48047,17852.48047,88680000
1016,2014/12/9,17847.36914,17847.36914,17629.57031,17801.19922,17801.19922,100400000
1017,2014/12/10,17797.99023,17797.99023,17508.09961,17533.15039,17533.15039,115100000
1018,2014/12/11,17534.30078,17758.50977,17534.30078,17596.33984,17596.33984,90100000
1019,2014/12/12,17590.05078,17590.05078,17280.83008,17280.83008,17280.83008,121950000
1020,2014/12/15,17285.74023,17403.53906,17115.2793,17180.83984,17180.83984,114050000
1021,2014/12/16,17173.07031,17427.43945,17067.58984,17068.86914,17068.86914,116640000
1022,2014/12/17,17069.16016,17389.30078,17069.16016,17356.86914,17356.86914,118220000
1023,2014/12/18,17367.84961,17778.40039,17367.84961,17778.15039,17778.15039,123940000
1024,2014/12/19,17778.01953,17874.0293,17746.55078,17804.80078,17804.80078,343690000
1025,2014/12/22,17812.25,17962.7793,17812.25,17959.43945,17959.43945,98460000
1026,2014/12/23,17971.50977,18069.2207,17970.16016,18024.16992,18024.16992,82890000
1027,2014/12/24,18035.73047,18086.24023,18027.7793,18030.21094,18030.21094,42870000
1028,2014/12/26,18038.30078,18103.44922,18038.30078,18053.71094,18053.71094,52570000
1029,2014/12/29,18046.58008,18073.03906,18021.57031,18038.23047,18038.23047,53870000
1030,2014/12/30,18035.01953,18035.01953,17959.69922,17983.07031,17983.07031,47490000
1031,2014/12/31,17987.66016,18043.2207,17820.88086,17823.07031,17823.07031,82840000
1032,2015/1/2,17823.07031,17951.7793,17731.30078,17832.99023,17832.99023,76270000
1033,2015/1/5,17821.30078,17821.30078,17475.92969,17501.65039,17501.65039,116160000
1034,2015/1/6,17504.17969,17581.05078,17262.36914,17371.64063,17371.64063,101870000
1035,2015/1/7,17374.7793,17597.08008,17374.7793,17584.51953,17584.51953,91030000
1036,2015/1/8,17591.9707,17916.03906,17591.9707,17907.86914,17907.86914,114890000
1037,2015/1/9,17911.01953,17915.32031,17686.08984,17737.36914,17737.36914,93390000
1038,2015/1/12,17742.05078,17793.88086,17571.58008,17640.83984,17640.83984,92500000
1039,2015/1/13,17645.01953,17923.00977,17498.23047,17613.67969,17613.67969,99360000
1040,2015/1/14,17609.06055,17609.06055,17264.90039,17427.08984,17427.08984,109180000
1041,2015/1/15,17436.30078,17517.41016,17298.03906,17320.71094,17320.71094,94520000
1042,2015/1/16,17320.0,17528.36914,17243.55078,17511.57031,17511.57031,140480000
1043,2015/1/20,17516.96094,17588.69922,17346.73047,17515.23047,17515.23047,119600000
1044,2015/1/21,17509.96094,17599.58008,17396.03906,17554.2793,17554.2793,95530000
1045,2015/1/22,17557.28906,17840.89063,17482.53906,17813.98047,17813.98047,111980000
1046,2015/1/23,17812.5,17812.5,17667.5293,17672.59961,17672.59961,97110000
1047,2015/1/26,17668.10938,17696.35938,17567.59961,17678.69922,17678.69922,87220000
1048,2015/1/27,17638.5293,17638.5293,17288.31055,17387.21094,17387.21094,135940000
1049,2015/1/28,17402.91016,17484.41016,17189.0,17191.36914,17191.36914,115980000
1050,2015/1/29,17195.28906,17433.13086,17136.30078,17416.84961,17416.84961,111690000
1051,2015/1/30,17416.84961,17419.90039,17156.82031,17164.94922,17164.94922,168560000
1052,2015/2/2,17169.99023,17367.67969,17037.75977,17361.03906,17361.03906,108090000
1053,2015/2/3,17369.9707,17670.75977,17369.9707,17666.40039,17666.40039,112860000
1054,2015/2/4,17664.99023,17782.2207,17603.21094,17673.01953,17673.01953,102560000
1055,2015/2/5,17677.25977,17889.58008,17677.25977,17884.88086,17884.88086,79890000
1056,2015/2/6,17881.53906,17951.08984,17764.40039,17824.28906,17824.28906,93610000
1057,2015/2/9,17821.49023,17821.49023,17685.32031,17729.21094,17729.21094,81590000
1058,2015/2/10,17736.15039,17890.33984,17729.24023,17868.75977,17868.75977,89930000
1059,2015/2/11,17867.85938,17897.21094,17759.65039,17862.14063,17862.14063,89890000
1060,2015/2/12,17862.14063,17975.65039,17862.14063,17972.38086,17972.38086,117160000
1061,2015/2/13,17968.65039,18037.41016,17961.75977,18019.34961,18019.34961,85230000
1062,2015/2/17,18019.80078,18052.00977,17951.41016,18047.58008,18047.58008,98760000
1063,2015/2/18,18045.7207,18048.69922,17982.19922,18029.84961,18029.84961,75090000
1064,2015/2/19,18028.66992,18028.66992,17924.59961,17985.76953,17985.76953,79130000
1065,2015/2/20,17985.76953,18144.28906,17878.36914,18140.43945,18140.43945,111390000
1066,2015/2/23,18140.75977,18141.21094,18054.83984,18116.83984,18116.83984,83670000
1067,2015/2/24,18112.57031,18231.08984,18098.73047,18209.18945,18209.18945,79310000
1068,2015/2/25,18208.66992,18244.38086,18182.75977,18224.57031,18224.57031,80480000
1069,2015/2/26,18224.41016,18239.42969,18157.07031,18214.41992,18214.41992,81500000
1070,2015/2/27,18213.25977,18213.25977,18132.38086,18132.69922,18132.69922,101110000
1071,2015/3/2,18134.05078,18288.63086,18122.58984,18288.63086,18288.63086,89790000
1072,2015/3/3,18281.94922,18281.94922,18136.88086,18203.36914,18203.36914,83830000
1073,2015/3/4,18203.36914,18203.36914,18029.5,18096.90039,18096.90039,80900000
1074,2015/3/5,18096.90039,18160.34961,18087.65039,18135.7207,18135.7207,75840000
1075,2015/3/6,18135.7207,18135.7207,17825.15039,17856.7793,17856.7793,113350000
1076,2015/3/9,17856.56055,18031.03906,17856.56055,17995.7207,17995.7207,85820000
1077,2015/3/10,17989.56055,17989.56055,17662.93945,17662.93945,17662.93945,120450000
1078,2015/3/11,17662.93945,17731.7793,17627.0,17635.39063,17635.39063,102120000
1079,2015/3/12,17626.83984,17900.09961,17620.49023,17895.2207,17895.2207,111550000
1080,2015/3/13,17889.05078,17889.05078,17629.89063,17749.31055,17749.31055,113620000
1081,2015/3/16,17751.24023,17988.5,17751.24023,17977.41992,17977.41992,101760000
1082,2015/3/17,17972.2207,17972.2207,17785.78906,17849.08008,17849.08008,82560000
1083,2015/3/18,17846.80078,18097.11914,17697.51953,18076.18945,18076.18945,130950000
1084,2015/3/19,18072.58008,18072.99023,17934.24023,17959.0293,17959.0293,107820000
1085,2015/3/20,17961.13086,18197.28906,17961.13086,18127.65039,18127.65039,333870000
1086,2015/3/23,18136.73047,18205.92969,18116.03906,18116.03906,18116.03906,98030000
1087,2015/3/24,18110.86914,18149.24023,18010.43945,18011.14063,18011.14063,87190000
1088,2015/3/25,18012.60938,18041.9707,17718.53906,17718.53906,17718.53906,106560000
1089,2015/3/26,17716.26953,17759.50977,17579.26953,17678.23047,17678.23047,117740000
1090,2015/3/27,17673.63086,17729.14063,17630.49023,17712.66016,17712.66016,103220000
1091,2015/3/30,17727.48047,18008.64063,17727.48047,17976.31055,17976.31055,104040000
1092,2015/3/31,17965.36914,17965.36914,17773.01953,17776.11914,17776.11914,119470000
1093,2015/4/1,17778.51953,17778.51953,17585.00977,17698.17969,17698.17969,103360000
1094,2015/4/2,17699.51953,17815.0293,17673.49023,17763.24023,17763.24023,87370000
1095,2015/4/6,17755.5,17941.78906,17646.80078,17880.84961,17880.84961,100850000
1096,2015/4/7,17884.32031,17983.11914,17871.21094,17875.41992,17875.41992,72150000
1097,2015/4/8,17877.61914,17976.19922,17822.23047,17902.50977,17902.50977,76820000
1098,2015/4/9,17902.50977,17984.2207,17823.09961,17958.73047,17958.73047,86740000
1099,2015/4/10,17956.73047,18066.75977,17945.55078,18057.65039,18057.65039,116410000
1100,2015/4/13,18052.32031,18107.57031,17974.81055,17977.03906,17977.03906,120090000
1101,2015/4/14,17979.10938,18075.59961,17905.48047,18036.69922,18036.69922,82830000
1102,2015/4/15,18045.71094,18160.51953,18045.71094,18112.60938,18112.60938,113610000
1103,2015/4/16,18106.26953,18169.25977,18063.85938,18105.76953,18105.76953,89520000
1104,2015/4/17,18102.56055,18102.56055,17748.5293,17826.30078,17826.30078,138860000
1105,2015/4/20,17841.17969,18092.2207,17841.17969,18034.92969,18034.92969,103160000
1106,2015/4/21,18034.23047,18109.69922,17929.63086,17949.58984,17949.58984,95180000
1107,2015/4/22,17950.82031,18056.01953,17887.75977,18038.26953,18038.26953,91260000
1108,2015/4/23,18031.90039,18133.0293,17966.76953,18058.68945,18058.68945,100240000
1109,2015/4/24,18056.41992,18108.86914,18009.08008,18080.14063,18080.14063,119130000
1110,2015/4/27,18097.89063,18175.56055,18024.66016,18037.9707,18037.9707,121110000
1111,2015/4/28,18035.90039,18119.65039,17917.35938,18110.14063,18110.14063,124930000
1112,2015/4/29,18093.68945,18096.46094,17953.68945,18035.5293,18035.5293,102080000
1113,2015/4/30,18033.33008,18033.33008,17774.89063,17840.51953,17840.51953,129180000
1114,2015/5/1,17859.26953,18028.89063,17859.26953,18024.06055,18024.06055,91700000
1115,2015/5/4,18026.01953,18133.75977,18026.01953,18070.40039,18070.40039,86010000
1116,2015/5/5,18062.5293,18086.00977,17905.71094,17928.19922,17928.19922,95340000
1117,2015/5/6,17934.81055,18019.75,17733.11914,17841.98047,17841.98047,100430000
1118,2015/5/7,17840.25,17973.07031,17796.93945,17924.06055,17924.06055,80920000
1119,2015/5/8,17933.64063,18205.23047,17933.64063,18191.10938,18191.10938,94960000
1120,2015/5/11,18187.7793,18199.94922,18089.10938,18105.16992,18105.16992,86050000
1121,2015/5/12,18096.16016,18119.17969,17924.80078,18068.23047,18068.23047,89270000
1122,2015/5/13,18070.36914,18132.78906,18039.19922,18060.49023,18060.49023,85180000
1123,2015/5/14,18062.49023,18255.21094,18062.49023,18252.24023,18252.24023,91580000
1124,2015/5/15,18251.9707,18272.7207,18215.07031,18272.56055,18272.56055,108220000
1125,2015/5/18,18267.25,18325.53906,18244.25977,18298.88086,18298.88086,79080000
1126,2015/5/19,18300.48047,18351.35938,18261.34961,18312.39063,18312.39063,87200000
1127,2015/5/20,18315.06055,18350.13086,18272.56055,18285.40039,18285.40039,80190000
1128,2015/5/21,18285.86914,18314.89063,18249.90039,18285.74023,18285.74023,84270000
1129,2015/5/22,18286.86914,18286.86914,18217.14063,18232.01953,18232.01953,78890000
1130,2015/5/26,18229.75,18229.75,17990.01953,18041.53906,18041.53906,109440000
1131,2015/5/27,18045.08008,18190.34961,18045.08008,18162.99023,18162.99023,96400000
1132,2015/5/28,18154.14063,18154.14063,18066.40039,18126.11914,18126.11914,67510000
1133,2015/5/29,18128.11914,18128.11914,17967.74023,18010.67969,18010.67969,139810000
1134,2015/6/1,18017.82031,18105.83008,17982.06055,18040.36914,18040.36914,85640000
1135,2015/6/2,18033.33008,18091.86914,17925.33008,18011.93945,18011.93945,77550000
1136,2015/6/3,18018.41992,18168.08984,18010.41992,18076.26953,18076.26953,73120000
1137,2015/6/4,18072.4707,18087.15039,17876.94922,17905.58008,17905.58008,93470000
1138,2015/6/5,17905.38086,17940.7793,17822.90039,17849.46094,17849.46094,89140000
1139,2015/6/8,17849.46094,17852.34961,17760.60938,17766.55078,17766.55078,86300000
1140,2015/6/9,17766.94922,17817.83008,17714.9707,17764.03906,17764.03906,90550000
1141,2015/6/10,17765.38086,18045.14063,17765.38086,18000.40039,18000.40039,96980000
1142,2015/6/11,18001.26953,18109.76953,18001.26953,18039.36914,18039.36914,89490000
1143,2015/6/12,18035.83008,18035.83008,17857.07031,17898.83984,17898.83984,83760000
1144,2015/6/15,17890.75977,17890.75977,17698.41992,17791.16992,17791.16992,91920000
1145,2015/6/16,17787.42969,17919.61914,17774.11914,17904.48047,17904.48047,77510000
1146,2015/6/17,17909.58008,17998.0,17839.65039,17935.74023,17935.74023,92410000
1147,2015/6/18,17944.60938,18174.73047,17944.60938,18115.83984,18115.83984,94460000
1148,2015/6/19,18116.24023,18117.71094,18010.58008,18015.94922,18015.94922,258300000
1149,2015/6/22,18027.63086,18181.66992,18027.63086,18119.7793,18119.7793,77780000
1150,2015/6/23,18121.7793,18188.81055,18108.09961,18144.07031,18144.07031,75970000
1151,2015/6/24,18139.09961,18139.09961,17966.07031,17966.07031,17966.07031,104980000
1152,2015/6/25,17977.10938,18036.09961,17890.35938,17890.35938,17890.35938,78990000
1153,2015/6/26,17892.0293,18013.15039,17892.0293,17946.67969,17946.67969,158120000
1154,2015/6/29,17936.74023,17936.74023,17590.55078,17596.34961,17596.34961,116340000
1155,2015/6/30,17599.96094,17714.66016,17576.5,17619.50977,17619.50977,126460000
1156,2015/7/1,17638.11914,17801.83008,17638.11914,17757.91016,17757.91016,87010000
1157,2015/7/2,17763.32031,17825.49023,17687.51953,17730.10938,17730.10938,83080000
1158,2015/7/6,17728.08008,17734.35938,17564.35938,17683.58008,17683.58008,90130000
1159,2015/7/7,17684.91992,17793.44922,17465.67969,17776.91016,17776.91016,105840000
1160,2015/7/8,17759.00977,17759.00977,17496.2207,17515.41992,17515.41992,69830000
1161,2015/7/9,17530.38086,17764.84961,17530.38086,17548.61914,17548.61914,100520000
1162,2015/7/10,17561.11914,17797.49023,17561.11914,17760.41016,17760.41016,85800000
1163,2015/7/13,17787.26953,17987.57031,17787.26953,17977.67969,17977.67969,86380000
1164,2015/7/14,17974.60938,18072.82031,17956.16992,18053.58008,18053.58008,76740000
1165,2015/7/15,18053.38086,18090.39063,18010.15039,18050.16992,18050.16992,80460000
1166,2015/7/16,18078.16016,18131.60938,18065.33008,18120.25,18120.25,85030000
1167,2015/7/17,18117.58008,18121.11914,18032.06055,18086.44922,18086.44922,106510000
1168,2015/7/20,18085.91016,18137.11914,18064.5,18100.41016,18100.41016,75060000
1169,2015/7/21,18096.66992,18096.66992,17868.33984,17919.28906,17919.28906,100170000
1170,2015/7/22,17918.34961,17919.34961,17807.41016,17851.03906,17851.03906,112370000
1171,2015/7/23,17853.7793,17860.94922,17705.0293,17731.91992,17731.91992,88600000
1172,2015/7/24,17731.05078,17756.53906,17553.73047,17568.5293,17568.5293,103470000
1173,2015/7/27,17561.7793,17561.7793,17399.16992,17440.58984,17440.58984,117860000
1174,2015/7/28,17449.81055,17650.07031,17449.81055,17630.26953,17630.26953,103450000
1175,2015/7/29,17631.40039,17776.7793,17629.19922,17751.39063,17751.39063,93140000
1176,2015/7/30,17743.24023,17761.25,17640.84961,17745.98047,17745.98047,76650000
1177,2015/7/31,17755.86914,17783.58984,17671.58984,17689.85938,17689.85938,106120000
1178,2015/8/3,17696.74023,17704.75977,17496.60938,17598.19922,17598.19922,87880000
1179,2015/8/4,17596.92969,17635.7793,17505.5,17550.68945,17550.68945,99060000
1180,2015/8/5,17555.24023,17661.36914,17492.90039,17540.4707,17540.4707,102450000
1181,2015/8/6,17542.60938,17572.03906,17362.85938,17419.75,17419.75,96170000
1182,2015/8/7,17414.93945,17414.93945,17279.08008,17373.38086,17373.38086,81800000
1183,2015/8/10,17375.17969,17629.13086,17375.17969,17615.16992,17615.16992,92430000
1184,2015/8/11,17593.58984,17593.58984,17352.63086,17402.83984,17402.83984,103010000
1185,2015/8/12,17382.92969,17423.90039,17125.81055,17402.50977,17402.50977,120400000
1186,2015/8/13,17401.64063,17481.7793,17341.33984,17408.25,17408.25,88550000
1187,2015/8/14,17410.11914,17492.90039,17394.06055,17477.40039,17477.40039,82120000
1188,2015/8/17,17472.66016,17551.40039,17341.7207,17545.17969,17545.17969,73380000
1189,2015/8/18,17537.30078,17568.40039,17486.41992,17511.33984,17511.33984,79900000
1190,2015/8/19,17508.74023,17517.18945,17282.41992,17348.73047,17348.73047,104720000
1191,2015/8/20,17345.32031,17345.32031,16990.68945,16990.68945,16990.68945,128530000
1192,2015/8/21,16990.68945,16990.68945,16459.55078,16459.75,16459.75,225170000
1193,2015/8/24,16459.75,16459.75,15370.330080000002,15871.34961,15871.34961,293920000
1194,2015/8/25,15882.269530000001,16312.94043,15651.240230000001,15666.44043,15666.44043,213220000
1195,2015/8/26,15676.259769999999,16303.75,15676.259769999999,16285.509769999999,16285.509769999999,208420000
1196,2015/8/27,16285.509769999999,16666.68945,16285.509769999999,16654.76953,16654.76953,171980000
1197,2015/8/28,16649.41992,16669.9707,16535.17969,16643.00977,16643.00977,131790000
1198,2015/8/31,16632.01953,16632.01953,16444.05078,16528.0293,16528.0293,141440000
1199,2015/9/1,16528.0293,16528.0293,15979.9502,16058.34961,16058.34961,171390000
1200,2015/9/2,16058.34961,16352.580080000002,16058.34961,16351.37988,16351.37988,133480000
1201,2015/9/3,16364.33984,16550.07031,16317.30957,16374.759769999999,16374.759769999999,109730000
1202,2015/9/4,16371.759769999999,16371.759769999999,16026.61035,16102.37988,16102.37988,127270000
1203,2015/9/8,16109.92969,16503.41016,16109.92969,16492.67969,16492.67969,123870000
1204,2015/9/9,16505.03906,16664.65039,16220.09961,16253.57031,16253.57031,118790000
1205,2015/9/10,16252.57031,16441.93945,16212.080080000002,16330.40039,16330.40039,122690000
1206,2015/9/11,16330.40039,16434.75977,16244.65039,16433.08984,16433.08984,104630000
1207,2015/9/14,16450.85938,16450.85938,16330.87012,16370.95996,16370.95996,92660000
1208,2015/9/15,16382.580080000002,16644.10938,16382.580080000002,16599.84961,16599.84961,93050000
1209,2015/9/16,16599.50977,16755.98047,16593.90039,16739.94922,16739.94922,99620000
1210,2015/9/17,16738.08008,16933.42969,16639.92969,16674.74023,16674.74023,129600000
1211,2015/9/18,16674.74023,16674.74023,16343.759769999999,16384.58008,16384.58008,341690000
1212,2015/9/21,16406.09961,16578.59961,16391.88086,16510.18945,16510.18945,90730000
1213,2015/9/22,16477.44922,16477.44922,16221.730469999999,16330.46973,16330.46973,119010000
1214,2015/9/23,16332.80957,16355.29004,16211.980469999999,16279.88965,16279.88965,86030000
1215,2015/9/24,16257.11035,16257.11035,16016.36035,16201.32031,16201.32031,122220000
1216,2015/9/25,16205.07031,16465.23047,16205.07031,16314.669919999998,16314.669919999998,130790000
1217,2015/9/28,16313.259769999999,16313.259769999999,15981.84961,16001.88965,16001.88965,139930000
1218,2015/9/29,16001.759769999999,16118.88965,15942.37012,16049.12988,16049.12988,121160000
1219,2015/9/30,16057.080080000002,16297.59961,16057.080080000002,16284.7002,16284.7002,145740000
1220,2015/10/1,16278.62012,16348.87012,16073.82031,16272.009769999999,16272.009769999999,111420000
1221,2015/10/2,16258.25,16472.76953,16013.66016,16472.36914,16472.36914,136870000
1222,2015/10/5,16502.09961,16798.36914,16502.09961,16776.42969,16776.42969,127660000
1223,2015/10/6,16774.01953,16865.08984,16746.0293,16790.18945,16790.18945,120010000
1224,2015/10/7,16805.41992,16963.30078,16765.0,16912.28906,16912.28906,115690000
1225,2015/10/8,16904.16992,17081.2793,16859.33984,17050.75,17050.75,100730000
1226,2015/10/9,17054.68945,17110.88086,17027.23047,17084.49023,17084.49023,103730000
1227,2015/10/12,17082.28906,17139.21094,17064.58008,17131.85938,17131.85938,72500000
1228,2015/10/13,17113.55078,17172.81055,17034.44922,17081.89063,17081.89063,99400000
1229,2015/10/14,17079.08008,17111.38086,16887.66992,16924.75,16924.75,120110000
1230,2015/10/15,16944.85938,17144.41992,16933.57031,17141.75,17141.75,122960000
1231,2015/10/16,17141.75,17220.01953,17107.34961,17215.9707,17215.9707,145880000
1232,2015/10/19,17209.42969,17235.94922,17129.18945,17230.53906,17230.53906,118430000
1233,2015/10/20,17228.4707,17264.88086,17147.99023,17217.10938,17217.10938,106670000
1234,2015/10/21,17225.92969,17314.99023,17153.13086,17168.60938,17168.60938,107100000
1235,2015/10/22,17180.88086,17505.17969,17180.88086,17489.16016,17489.16016,152420000
1236,2015/10/23,17525.10938,17679.36914,17525.10938,17646.69922,17646.69922,158090000
1237,2015/10/26,17649.57031,17660.69922,17602.50977,17623.05078,17623.05078,116660000
1238,2015/10/27,17608.89063,17635.17969,17540.57031,17581.42969,17581.42969,113960000
1239,2015/10/28,17586.68945,17779.94922,17556.71094,17779.51953,17779.51953,115630000
1240,2015/10/29,17771.5,17786.0,17684.7207,17755.80078,17755.80078,90300000
1241,2015/10/30,17756.59961,17799.96094,17662.86914,17663.53906,17663.53906,149250000
1242,2015/11/2,17672.61914,17845.90039,17655.01953,17828.75977,17828.75977,100840000
1243,2015/11/3,17819.74023,17977.84961,17796.01953,17918.15039,17918.15039,92290000
1244,2015/11/4,17929.58008,17964.11914,17828.83008,17867.58008,17867.58008,99890000
1245,2015/11/5,17871.25,17929.50977,17779.18945,17863.42969,17863.42969,98910000
1246,2015/11/6,17855.2207,17912.03906,17768.59961,17910.33008,17910.33008,107450000
1247,2015/11/9,17900.7793,17900.7793,17667.7793,17730.48047,17730.48047,121210000
1248,2015/11/10,17724.13086,17768.66016,17657.7207,17758.21094,17758.21094,108640000
1249,2015/11/11,17769.5,17807.17969,17696.91016,17702.2207,17702.2207,95230000
1250,2015/11/12,17691.92969,17691.92969,17443.5,17448.07031,17448.07031,113660000
1251,2015/11/13,17439.25,17439.25,17238.89063,17245.24023,17245.24023,134640000
1252,2015/11/16,17229.93945,17483.00977,17210.42969,17483.00977,17483.00977,137590000
1253,2015/11/17,17486.99023,17599.33008,17451.41016,17489.5,17489.5,167190000
1254,2015/11/18,17485.49023,17752.16016,17485.49023,17737.16016,17737.16016,106810000
1255,2015/11/19,17739.83008,17772.9707,17681.98047,17732.75,17732.75,114630000
1256,2015/11/20,17732.75,17914.33984,17732.75,17823.81055,17823.81055,153140000
1257,2015/11/23,17823.60938,17868.17969,17751.5293,17792.67969,17792.67969,134680000
1258,2015/11/24,17770.90039,17862.59961,17683.50977,17812.18945,17812.18945,127170000
1259,2015/11/25,17820.81055,17854.91992,17801.83008,17813.39063,17813.39063,82540000
1260,2015/11/27,17806.03906,17830.35938,17749.32031,17813.39063,17813.39063,82540000
1261,2015/11/30,17802.83984,17837.24023,17719.78906,17719.91992,17719.91992,155560000
1262,2015/12/1,17719.7207,17895.5,17719.7207,17888.34961,17888.34961,103880000
1263,2015/12/2,17883.14063,17901.58008,17708.19922,17729.67969,17729.67969,102860000
1264,2015/12/3,17741.57031,17780.58984,17425.56055,17477.66992,17477.66992,126990000
1265,2015/12/4,17482.67969,17866.4707,17482.67969,17847.63086,17847.63086,137650000
1266,2015/12/7,17845.49023,17845.49023,17639.25,17730.50977,17730.50977,99670000
1267,2015/12/8,17703.99023,17703.99023,17485.39063,17568.0,17568.0,113720000
1268,2015/12/9,17558.17969,17767.68945,17403.50977,17492.30078,17492.30078,122020000
1269,2015/12/10,17493.16992,17697.74023,17474.66016,17574.75,17574.75,107310000
1270,2015/12/11,17574.75,17574.75,17230.5,17265.21094,17265.21094,134510000
1271,2015/12/14,17277.10938,17378.01953,17138.4707,17368.5,17368.5,142540000
1272,2015/12/15,17374.7793,17627.63086,17341.17969,17524.91016,17524.91016,123430000
1273,2015/12/16,17530.84961,17784.35938,17483.67969,17749.08984,17749.08984,123790000
1274,2015/12/17,17756.53906,17796.75977,17493.5,17495.83984,17495.83984,115780000
1275,2015/12/18,17495.03906,17496.58008,17124.31055,17128.55078,17128.55078,344560000
1276,2015/12/21,17154.93945,17272.35938,17116.73047,17251.61914,17251.61914,114910000
1277,2015/12/22,17253.55078,17451.10938,17242.85938,17417.26953,17417.26953,91570000
1278,2015/12/23,17427.63086,17607.91992,17427.63086,17602.60938,17602.60938,92820000
1279,2015/12/24,17593.25977,17606.33984,17543.94922,17552.16992,17552.16992,40350000
1280,2015/12/28,17535.66016,17536.90039,17437.33984,17528.26953,17528.26953,59770000
1281,2015/12/29,17547.36914,17750.01953,17547.36914,17720.98047,17720.98047,69860000
1282,2015/12/30,17711.93945,17714.13086,17588.86914,17603.86914,17603.86914,59760000
1283,2015/12/31,17590.66016,17590.66016,17421.16016,17425.0293,17425.0293,93690000
1284,2016/1/4,17405.48047,17405.48047,16957.63086,17148.93945,17148.93945,148060000
1285,2016/1/5,17147.5,17195.83984,17038.60938,17158.66016,17158.66016,105750000
1286,2016/1/6,17154.83008,17154.83008,16817.61914,16906.50977,16906.50977,120250000
1287,2016/1/7,16888.35938,16888.35938,16463.63086,16514.09961,16514.09961,176240000
1288,2016/1/8,16519.16992,16651.89063,16314.57031,16346.4502,16346.4502,141850000
1289,2016/1/11,16358.70996,16461.84961,16232.03027,16398.57031,16398.57031,127790000
1290,2016/1/12,16419.10938,16591.34961,16322.07031,16516.2207,16516.2207,117480000
1291,2016/1/13,16526.63086,16593.50977,16123.2002,16151.41016,16151.41016,153530000
1292,2016/1/14,16159.009769999999,16482.05078,16075.12012,16379.049809999999,16379.049809999999,158830000
1293,2016/1/15,16354.330080000002,16354.330080000002,15842.11035,15988.080080000002,15988.080080000002,239210000
1294,2016/1/19,16009.4502,16171.95996,15900.25,16016.019530000001,16016.019530000001,144360000
1295,2016/1/20,15989.4502,15989.4502,15450.55957,15766.740230000001,15766.740230000001,191870000
1296,2016/1/21,15768.87012,16038.58984,15704.66016,15882.67969,15882.67969,145140000
1297,2016/1/22,15921.09961,16136.79004,15921.09961,16093.509769999999,16093.509769999999,145850000
1298,2016/1/25,16086.45996,16086.45996,15880.15039,15885.21973,15885.21973,123250000
1299,2016/1/26,15893.16016,16185.79004,15893.16016,16167.230469999999,16167.230469999999,118210000
1300,2016/1/27,16168.740230000001,16235.03027,15878.299809999999,15944.45996,15944.45996,138350000
1301,2016/1/28,15960.28027,16102.13965,15863.71973,16069.63965,16069.63965,130120000
1302,2016/1/29,16090.259769999999,16466.30078,16090.259769999999,16466.30078,16466.30078,217940000
1303,2016/2/1,16453.63086,16510.98047,16299.46973,16449.17969,16449.17969,114450000
1304,2016/2/2,16420.21094,16420.21094,16108.44043,16153.54004,16153.54004,126210000
1305,2016/2/3,16186.2002,16381.69043,15960.4502,16336.66016,16336.66016,141870000
1306,2016/2/4,16329.669919999998,16485.83984,16266.16016,16416.58008,16416.58008,131490000
1307,2016/2/5,16417.94922,16423.63086,16129.80957,16204.96973,16204.96973,139010000
1308,2016/2/8,16147.509769999999,16147.509769999999,15803.549809999999,16027.049809999999,16027.049809999999,165880000
1309,2016/2/9,16005.41016,16136.62012,15881.11035,16014.37988,16014.37988,127740000
1310,2016/2/10,16035.61035,16201.88965,15899.91016,15914.740230000001,15914.740230000001,122290000
1311,2016/2/11,15897.82031,15897.82031,15503.009769999999,15660.17969,15660.17969,172070000
1312,2016/2/12,15691.62012,15974.04004,15691.62012,15973.83984,15973.83984,132550000
1313,2016/2/16,16012.38965,16196.41016,16012.38965,16196.41016,16196.41016,142030000
1314,2016/2/17,16217.980469999999,16486.11914,16217.980469999999,16453.83008,16453.83008,124080000
1315,2016/2/18,16483.75977,16511.83984,16390.42969,16413.42969,16413.42969,104950000
1316,2016/2/19,16410.96094,16410.96094,16278.0,16391.99023,16391.99023,134340000
1317,2016/2/22,16417.13086,16664.24023,16417.13086,16620.66016,16620.66016,102240000
1318,2016/2/23,16610.39063,16610.39063,16403.5293,16431.7793,16431.7793,98170000
1319,2016/2/24,16418.83984,16507.39063,16165.86035,16484.99023,16484.99023,93620000
1320,2016/2/25,16504.38086,16697.98047,16458.41992,16697.28906,16697.28906,94120000
1321,2016/2/26,16712.69922,16795.98047,16623.91016,16639.9707,16639.9707,98480000
1322,2016/2/29,16634.15039,16726.11914,16510.40039,16516.5,16516.5,126220000
1323,2016/3/1,16545.66992,16865.56055,16545.66992,16865.08008,16865.08008,105050000
1324,2016/3/2,16851.16992,16900.16992,16766.32031,16899.32031,16899.32031,104470000
1325,2016/3/3,16896.16992,16944.31055,16820.73047,16943.90039,16943.90039,91110000
1326,2016/3/4,16945.0,17062.38086,16898.83984,17006.76953,17006.76953,106910000
1327,2016/3/7,16991.28906,17099.25,16940.48047,17073.94922,17073.94922,100290000
1328,2016/3/8,17050.66992,17072.78906,16921.50977,16964.09961,16964.09961,108380000
1329,2016/3/9,16969.16992,17048.5,16947.93945,17000.35938,17000.35938,116690000
1330,2016/3/10,17006.05078,17130.10938,16821.85938,16995.13086,16995.13086,117570000
1331,2016/3/11,17014.99023,17220.08984,17014.99023,17213.31055,17213.31055,123420000
1332,2016/3/14,17207.49023,17275.07031,17161.16016,17229.13086,17229.13086,96350000
1333,2016/3/15,17217.15039,17251.69922,17120.34961,17251.5293,17251.5293,92830000
1334,2016/3/16,17249.33984,17379.17969,17204.07031,17325.75977,17325.75977,118710000
1335,2016/3/17,17321.38086,17529.00977,17297.65039,17481.49023,17481.49023,117990000
1336,2016/3/18,17481.49023,17620.58008,17481.49023,17602.30078,17602.30078,321230000
1337,2016/3/21,17589.69922,17644.9707,17551.2793,17623.86914,17623.86914,84410000
1338,2016/3/22,17602.71094,17648.93945,17540.41992,17582.57031,17582.57031,95450000
1339,2016/3/23,17588.81055,17588.81055,17486.26953,17502.58984,17502.58984,84240000
1340,2016/3/24,17485.33008,17517.14063,17399.00977,17515.73047,17515.73047,84100000
1341,2016/3/28,17526.08008,17583.81055,17493.0293,17535.39063,17535.39063,70460000
1342,2016/3/29,17512.58008,17642.81055,17434.26953,17633.10938,17633.10938,86160000
1343,2016/3/30,17652.35938,17790.10938,17652.35938,17716.66016,17716.66016,79330000
1344,2016/3/31,17716.05078,17755.69922,17669.7207,17685.08984,17685.08984,102600000
1345,2016/4/1,17661.74023,17811.48047,17568.01953,17792.75,17792.75,104890000
1346,2016/4/4,17799.39063,17806.38086,17710.66992,17737.0,17737.0,85230000
1347,2016/4/5,17718.0293,17718.0293,17579.56055,17603.32031,17603.32031,115230000
1348,2016/4/6,17605.44922,17723.55078,17542.53906,17716.05078,17716.05078,99410000
1349,2016/4/7,17687.2793,17687.2793,17484.23047,17541.96094,17541.96094,90120000
1350,2016/4/8,17555.39063,17694.50977,17528.16016,17576.96094,17576.96094,79990000
1351,2016/4/11,17586.48047,17731.63086,17555.90039,17556.41016,17556.41016,107100000
1352,2016/4/12,17571.33984,17744.42969,17553.57031,17721.25,17721.25,81020000
1353,2016/4/13,17741.66016,17918.34961,17741.66016,17908.2793,17908.2793,91710000
1354,2016/4/14,17912.25,17962.14063,17885.43945,17926.42969,17926.42969,84510000
1355,2016/4/15,17925.94922,17937.65039,17867.41016,17897.46094,17897.46094,118160000
1356,2016/4/18,17890.19922,18009.5293,17848.2207,18004.16016,18004.16016,89390000
1357,2016/4/19,18012.09961,18103.46094,17984.42969,18053.59961,18053.59961,89820000
1358,2016/4/20,18059.49023,18167.63086,18031.21094,18096.26953,18096.26953,100210000
1359,2016/4/21,18092.83984,18107.28906,17963.89063,17982.51953,17982.51953,102720000
1360,2016/4/22,17985.05078,18026.84961,17909.89063,18003.75,18003.75,134120000
1361,2016/4/25,17990.93945,17990.93945,17855.55078,17977.24023,17977.24023,83770000
1362,2016/4/26,17987.38086,18043.76953,17934.16992,17990.32031,17990.32031,92570000
1363,2016/4/27,17996.14063,18084.66016,17920.25977,18041.55078,18041.55078,109090000
1364,2016/4/28,18023.88086,18035.73047,17796.55078,17830.75977,17830.75977,100920000
1365,2016/4/29,17813.08984,17814.83008,17651.98047,17773.64063,17773.64063,136670000
1366,2016/5/2,17783.7793,17912.34961,17773.71094,17891.16016,17891.16016,80100000
1367,2016/5/3,17870.75,17870.75,17670.88086,17750.91016,17750.91016,97060000
1368,2016/5/4,17735.01953,17738.06055,17609.00977,17651.25977,17651.25977,95020000
1369,2016/5/5,17664.48047,17736.10938,17615.82031,17660.71094,17660.71094,81530000
1370,2016/5/6,17650.30078,17744.53906,17580.38086,17740.63086,17740.63086,80020000
1371,2016/5/9,17743.84961,17783.16016,17668.38086,17705.91016,17705.91016,85590000
1372,2016/5/10,17726.66016,17934.60938,17726.66016,17928.34961,17928.34961,75790000
1373,2016/5/11,17919.0293,17919.0293,17711.05078,17711.11914,17711.11914,87390000
1374,2016/5/12,17711.11914,17798.18945,17625.38086,17720.5,17720.5,88560000
1375,2016/5/13,17711.11914,17734.74023,17512.48047,17535.32031,17535.32031,86640000
1376,2016/5/16,17531.75977,17755.80078,17531.75977,17710.71094,17710.71094,88440000
1377,2016/5/17,17701.46094,17701.46094,17469.91992,17529.98047,17529.98047,103260000
1378,2016/5/18,17501.2793,17636.2207,17418.21094,17526.61914,17526.61914,79120000
1379,2016/5/19,17514.16016,17514.16016,17331.07031,17435.40039,17435.40039,95530000
1380,2016/5/20,17437.32031,17571.75,17437.32031,17500.93945,17500.93945,111990000
1381,2016/5/23,17507.03906,17550.69922,17480.05078,17492.92969,17492.92969,87790000
1382,2016/5/24,17525.18945,17742.58984,17525.18945,17706.05078,17706.05078,86480000
1383,2016/5/25,17735.08984,17891.71094,17735.08984,17851.50977,17851.50977,79180000
1384,2016/5/26,17859.51953,17888.66016,17803.82031,17828.28906,17828.28906,68940000
1385,2016/5/27,17826.84961,17873.2207,17824.73047,17873.2207,17873.2207,73190000
1386,2016/5/31,17891.5,17899.24023,17724.0293,17787.19922,17787.19922,147390000
1387,2016/6/1,17754.55078,17809.17969,17664.78906,17789.66992,17789.66992,78530000
1388,2016/6/2,17789.05078,17838.56055,17703.55078,17838.56055,17838.56055,75560000
1389,2016/6/3,17799.80078,17833.16992,17689.67969,17807.06055,17807.06055,82270000
1390,2016/6/6,17825.68945,17949.67969,17822.81055,17920.33008,17920.33008,71870000
1391,2016/6/7,17936.2207,18003.23047,17936.2207,17938.2793,17938.2793,78750000
1392,2016/6/8,17931.91016,18016.0,17931.91016,18005.05078,18005.05078,71260000
1393,2016/6/9,17969.98047,18005.2207,17915.88086,17985.18945,17985.18945,69690000
1394,2016/6/10,17938.82031,17938.82031,17812.33984,17865.33984,17865.33984,90540000
1395,2016/6/13,17830.5,17893.2793,17731.34961,17732.48047,17732.48047,101690000
1396,2016/6/14,17710.76953,17733.91992,17595.78906,17674.82031,17674.82031,93740000
1397,2016/6/15,17703.65039,17762.96094,17629.00977,17640.16992,17640.16992,94130000
1398,2016/6/16,17602.23047,17754.91016,17471.28906,17733.09961,17733.09961,91950000
1399,2016/6/17,17733.43945,17733.43945,17602.7793,17675.16016,17675.16016,248680000
1400,2016/6/20,17736.86914,17946.35938,17736.86914,17804.86914,17804.86914,99380000
1401,2016/6/21,17827.33008,17877.83984,17799.80078,17829.73047,17829.73047,85130000
1402,2016/6/22,17832.66992,17920.16016,17770.35938,17780.83008,17780.83008,89440000
1403,2016/6/23,17844.10938,18011.07031,17844.10938,18011.07031,18011.07031,98070000
1404,2016/6/24,17946.63086,17946.63086,17356.33984,17400.75,17400.75,239000000
1405,2016/6/27,17355.21094,17355.21094,17063.08008,17140.24023,17140.24023,138740000
1406,2016/6/28,17190.50977,17409.7207,17190.50977,17409.7207,17409.7207,112190000
1407,2016/6/29,17456.01953,17704.50977,17456.01953,17694.67969,17694.67969,106380000
1408,2016/6/30,17712.75977,17930.60938,17711.80078,17929.99023,17929.99023,133030000
1409,2016/7/1,17924.24023,18002.38086,17916.91016,17949.36914,17949.36914,82160000
1410,2016/7/5,17904.44922,17904.44922,17785.2793,17840.61914,17840.61914,103650000
1411,2016/7/6,17807.4707,17926.91016,17713.44922,17918.61914,17918.61914,93000000
1412,2016/7/7,17924.24023,17984.94922,17816.65039,17895.88086,17895.88086,81570000
1413,2016/7/8,17971.2207,18166.76953,17971.2207,18146.74023,18146.74023,93460000
1414,2016/7/11,18161.5293,18283.90039,18161.5293,18226.92969,18226.92969,80880000
1415,2016/7/12,18259.11914,18371.94922,18259.11914,18347.66992,18347.66992,90170000
1416,2016/7/13,18356.7793,18390.16016,18315.75977,18372.11914,18372.11914,80920000
1417,2016/7/14,18414.30078,18537.57031,18414.30078,18506.41016,18506.41016,87050000
1418,2016/7/15,18508.88086,18557.42969,18471.61914,18516.55078,18516.55078,123690000
1419,2016/7/18,18521.55078,18556.13086,18489.83984,18533.05078,18533.05078,75540000
1420,2016/7/19,18503.11914,18562.5293,18495.10938,18559.00977,18559.00977,85840000
1421,2016/7/20,18582.69922,18622.00977,18555.65039,18595.0293,18595.0293,93230000
1422,2016/7/21,18589.96094,18590.43945,18469.66992,18517.23047,18517.23047,86800000
1423,2016/7/22,18524.15039,18571.30078,18491.58984,18570.84961,18570.84961,87710000
1424,2016/7/25,18554.49023,18555.68945,18452.61914,18493.06055,18493.06055,76810000
1425,2016/7/26,18497.36914,18522.4707,18387.2207,18473.75,18473.75,85370000
1426,2016/7/27,18473.26953,18542.39063,18430.93945,18472.16992,18472.16992,111370000
1427,2016/7/28,18461.00977,18483.25977,18368.82031,18456.34961,18456.34961,85750000
1428,2016/7/29,18442.51953,18466.55078,18371.11914,18432.24023,18432.24023,111550000
1429,2016/8/1,18434.5,18467.0293,18355.75,18404.50977,18404.50977,83470000
1430,2016/8/2,18401.15039,18403.65039,18247.78906,18313.76953,18313.76953,89680000
1431,2016/8/3,18313.08008,18355.0,18283.23047,18355.0,18355.0,78550000
1432,2016/8/4,18351.42969,18397.86914,18325.16992,18352.05078,18352.05078,64500000
1433,2016/8/5,18402.80078,18543.5293,18402.80078,18543.5293,18543.5293,92420000
1434,2016/8/8,18541.89063,18569.31055,18502.0293,18529.28906,18529.28906,71810000
1435,2016/8/9,18538.05078,18585.32031,18507.75,18533.05078,18533.05078,60090000
1436,2016/8/10,18541.48047,18561.75,18468.7793,18495.66016,18495.66016,62780000
1437,2016/8/11,18519.08008,18638.33984,18519.08008,18613.51953,18613.51953,71470000
1438,2016/8/12,18595.65039,18606.06055,18535.85938,18576.4707,18576.4707,61580000
1439,2016/8/15,18588.58984,18722.60938,18559.92969,18636.05078,18636.05078,62350000
1440,2016/8/16,18614.48047,18614.85938,18550.65039,18552.01953,18552.01953,67570000
1441,2016/8/17,18537.08984,18582.34961,18468.67969,18573.93945,18573.93945,71000000
1442,2016/8/18,18566.53906,18600.82031,18533.28906,18597.69922,18597.69922,70740000
1443,2016/8/19,18585.16992,18585.16992,18491.24023,18552.57031,18552.57031,93170000
1444,2016/8/22,18535.85938,18570.91992,18466.85938,18529.41992,18529.41992,73450000
1445,2016/8/23,18568.93945,18631.59961,18545.51953,18547.30078,18547.30078,73990000
1446,2016/8/24,18537.5,18539.15039,18448.26953,18481.48047,18481.48047,72270000
1447,2016/8/25,18471.21094,18497.67969,18431.46094,18448.41016,18448.41016,64480000
1448,2016/8/26,18467.91992,18572.08984,18335.33984,18395.40039,18395.40039,78730000
1449,2016/8/29,18421.28906,18523.08984,18419.91992,18502.99023,18502.99023,64480000
1450,2016/8/30,18491.2793,18514.28906,18408.51953,18454.30078,18454.30078,68920000
1451,2016/8/31,18436.69922,18439.67969,18333.56055,18400.88086,18400.88086,98250000
1452,2016/9/1,18396.57031,18430.05078,18295.48047,18419.30078,18419.30078,74780000
1453,2016/9/2,18466.00977,18544.75977,18439.09961,18491.96094,18491.96094,74350000
1454,2016/9/6,18493.40039,18551.53906,18450.32031,18538.11914,18538.11914,83710000
1455,2016/9/7,18527.71094,18536.89063,18474.76953,18526.14063,18526.14063,67570000
1456,2016/9/8,18486.68945,18506.24023,18446.68945,18479.91016,18479.91016,79060000
1457,2016/9/9,18404.16992,18404.16992,18085.44922,18085.44922,18085.44922,120670000
1458,2016/9/12,18028.94922,18358.68945,17994.83984,18325.07031,18325.07031,103260000
1459,2016/9/13,18262.99023,18262.99023,18028.06055,18066.75,18066.75,102830000
1460,2016/9/14,18073.39063,18163.48047,17992.21094,18034.76953,18034.76953,103360000
1461,2016/9/15,18024.91016,18250.10938,18015.49023,18212.48047,18212.48047,99550000
1462,2016/9/16,18217.21094,18217.21094,18070.21094,18123.80078,18123.80078,278510000
1463,2016/9/19,18154.82031,18254.88086,18093.05078,18120.16992,18120.16992,78090000
1464,2016/9/20,18175.35938,18227.21094,18128.80078,18129.96094,18129.96094,72450000
1465,2016/9/21,18164.96094,18307.42969,18121.57031,18293.69922,18293.69922,94090000
1466,2016/9/22,18343.75977,18449.88086,18343.75977,18392.46094,18392.46094,73030000
1467,2016/9/23,18377.35938,18383.75977,18254.83984,18261.44922,18261.44922,87170000
1468,2016/9/26,18217.75977,18217.75977,18083.32031,18094.83008,18094.83008,95510000
1469,2016/9/27,18099.21094,18238.09961,18052.16016,18228.30078,18228.30078,84130000
1470,2016/9/28,18240.2207,18349.85938,18179.33984,18339.24023,18339.24023,97650000
1471,2016/9/29,18322.88086,18366.23047,18091.64063,18143.44922,18143.44922,95880000
1472,2016/9/30,18181.80078,18369.61914,18181.80078,18308.15039,18308.15039,135470000
1473,2016/10/3,18279.59961,18279.80078,18203.75,18253.84961,18253.84961,68520000
1474,2016/10/4,18267.67969,18313.76953,18116.25977,18168.44922,18168.44922,79710000
1475,2016/10/5,18205.5,18315.82031,18205.5,18281.0293,18281.0293,76190000
1476,2016/10/6,18280.41992,18288.11914,18162.9707,18268.5,18268.5,78660000
1477,2016/10/7,18295.34961,18319.73047,18149.34961,18240.49023,18240.49023,82680000
1478,2016/10/10,18282.94922,18399.96094,18282.94922,18329.03906,18329.03906,72110000
1479,2016/10/11,18308.42969,18312.33008,18061.96094,18128.66016,18128.66016,88610000
1480,2016/10/12,18132.63086,18193.96094,18082.08984,18144.19922,18144.19922,72230000
1481,2016/10/13,18088.32031,18137.69922,17959.94922,18098.93945,18098.93945,83160000
1482,2016/10/14,18177.34961,18261.10938,18138.38086,18138.38086,18138.38086,87050000
1483,2016/10/17,18135.84961,18162.2793,18063.01953,18086.40039,18086.40039,75960000
1484,2016/10/18,18145.06055,18225.80078,18129.44922,18161.93945,18161.93945,74600000
1485,2016/10/19,18178.21094,18252.19922,18169.25,18202.61914,18202.61914,88040000
1486,2016/10/20,18161.86914,18249.05078,18129.07031,18162.34961,18162.34961,88830000
1487,2016/10/21,18152.63086,18168.75977,18049.76953,18145.71094,18145.71094,117810000
1488,2016/10/24,18197.14063,18275.03906,18191.17969,18223.0293,18223.0293,88540000
1489,2016/10/25,18206.51953,18241.68945,18151.69922,18169.26953,18169.26953,83190000
1490,2016/10/26,18103.80078,18236.03906,18062.30078,18199.33008,18199.33008,86340000
1491,2016/10/27,18234.81055,18253.19922,18149.19922,18169.67969,18169.67969,83530000
1492,2016/10/28,18193.78906,18257.06055,18094.9707,18161.18945,18161.18945,107850000
1493,2016/10/31,18176.59961,18193.67969,18130.58008,18142.41992,18142.41992,110080000
1494,2016/11/1,18158.24023,18177.00977,17940.83984,18037.09961,18037.09961,101280000
1495,2016/11/2,18017.7207,18044.15039,17931.89063,17959.64063,17959.64063,88610000
1496,2016/11/3,17978.75,18006.96094,17904.07031,17930.66992,17930.66992,77860000
1497,2016/11/4,17928.34961,17986.75977,17883.56055,17888.2793,17888.2793,97760000
1498,2016/11/7,17994.64063,18263.30078,17994.64063,18259.59961,18259.59961,93450000
1499,2016/11/8,18251.38086,18400.5,18200.75,18332.74023,18332.74023,79820000
1500,2016/11/9,18317.25977,18650.06055,18252.55078,18589.68945,18589.68945,173110000
1501,2016/11/10,18603.14063,18873.66016,18603.14063,18807.88086,18807.88086,164390000
1502,2016/11/11,18781.65039,18855.7793,18736.96094,18847.66016,18847.66016,107300000
1503,2016/11/14,18876.76953,18934.05078,18815.75,18868.68945,18868.68945,112250000
1504,2016/11/15,18858.21094,18925.25977,18806.06055,18923.06055,18923.06055,100660000
1505,2016/11/16,18909.84961,18909.84961,18825.89063,18868.14063,18868.14063,87320000
1506,2016/11/17,18866.2207,18904.0293,18845.26953,18903.82031,18903.82031,89940000
1507,2016/11/18,18905.33008,18915.74023,18853.83008,18867.92969,18867.92969,109880000
1508,2016/11/21,18898.67969,18960.75977,18883.09961,18956.68945,18956.68945,80520000
1509,2016/11/22,18970.39063,19043.90039,18962.82031,19023.86914,19023.86914,85310000
1510,2016/11/23,19015.51953,19083.75977,19000.38086,19083.17969,19083.17969,77880000
1511,2016/11/25,19093.7207,19152.14063,19093.7207,19152.14063,19152.14063,45890000
1512,2016/11/28,19122.14063,19138.7207,19072.25,19097.90039,19097.90039,88460000
1513,2016/11/29,19064.07031,19144.40039,19062.2207,19121.59961,19121.59961,81510000
1514,2016/11/30,19135.64063,19225.28906,19123.38086,19123.58008,19123.58008,164570000
1515,2016/12/1,19149.19922,19214.30078,19138.78906,19191.92969,19191.92969,108800000
1516,2016/12/2,19161.25,19196.14063,19141.17969,19170.41992,19170.41992,84920000
1517,2016/12/5,19244.34961,19274.84961,19186.73047,19216.24023,19216.24023,317800000
1518,2016/12/6,19219.91016,19255.89063,19184.74023,19251.7793,19251.7793,284960000
1519,2016/12/7,19241.99023,19558.41992,19229.83008,19549.61914,19549.61914,385200000
1520,2016/12/8,19559.93945,19664.9707,19527.83008,19614.81055,19614.81055,324570000
1521,2016/12/9,19631.34961,19757.74023,19623.18945,19756.84961,19756.84961,334470000
1522,2016/12/12,19770.19922,19824.58984,19747.74023,19796.42969,19796.42969,333660000
1523,2016/12/13,19852.21094,19953.75,19846.44922,19911.21094,19911.21094,388420000
1524,2016/12/14,19876.13086,19966.42969,19748.66992,19792.5293,19792.5293,408430000
1525,2016/12/15,19811.5,19951.28906,19811.5,19852.24023,19852.24023,357350000
1526,2016/12/16,19909.00977,19923.16992,19821.0,19843.41016,19843.41016,573470000
1527,2016/12/19,19836.66016,19917.7793,19832.94922,19883.06055,19883.06055,302310000
1528,2016/12/20,19920.58984,19987.63086,19920.41992,19974.61914,19974.61914,284080000
1529,2016/12/21,19968.9707,19986.56055,19941.96094,19941.96094,19941.96094,256640000
1530,2016/12/22,19922.67969,19933.83008,19882.18945,19918.88086,19918.88086,258290000
1531,2016/12/23,19908.60938,19934.15039,19899.06055,19933.81055,19933.81055,158260000
1532,2016/12/27,19943.46094,19980.24023,19939.80078,19945.03906,19945.03906,158540000
1533,2016/12/28,19964.31055,19981.10938,19827.31055,19833.67969,19833.67969,188350000
1534,2016/12/29,19835.46094,19878.43945,19788.93945,19819.7793,19819.7793,172040000
1535,2016/12/30,19833.16992,19852.55078,19718.66992,19762.59961,19762.59961,271910000
1536,2017/1/3,19872.85938,19938.5293,19775.92969,19881.75977,19881.75977,339180000
1537,2017/1/4,19890.93945,19956.14063,19878.83008,19942.16016,19942.16016,280010000
1538,2017/1/5,19924.56055,19948.59961,19811.11914,19899.28906,19899.28906,269920000
1539,2017/1/6,19906.96094,19999.63086,19834.08008,19963.80078,19963.80078,277700000
1540,2017/1/9,19931.41016,19943.7793,19887.38086,19887.38086,19887.38086,287510000
1541,2017/1/10,19876.34961,19957.11914,19836.0293,19855.5293,19855.5293,299410000
1542,2017/1/11,19887.38086,19973.41992,19833.16016,19954.2793,19954.2793,336150000
1543,2017/1/12,19926.21094,19929.28906,19770.4707,19891.0,19891.0,306290000
1544,2017/1/13,19912.53906,19952.0293,19849.38086,19885.73047,19885.73047,263780000
1545,2017/1/17,19848.82031,19882.99023,19775.34961,19826.76953,19826.76953,341900000
1546,2017/1/18,19822.73047,19828.19922,19739.0,19804.7207,19804.7207,279760000
1547,2017/1/19,19813.55078,19824.14063,19677.93945,19732.40039,19732.40039,301750000
1548,2017/1/20,19795.06055,19843.93945,19759.14063,19827.25,19827.25,435260000
1549,2017/1/23,19794.78906,19833.98047,19732.35938,19799.84961,19799.84961,326690000
1550,2017/1/24,19794.67969,19949.24023,19786.71094,19912.71094,19912.71094,374460000
1551,2017/1/25,19994.48047,20082.0,19994.48047,20068.50977,20068.50977,372240000
1552,2017/1/26,20076.25,20125.58008,20067.5293,20100.91016,20100.91016,356730000
1553,2017/1/27,20103.35938,20115.9707,20072.64063,20093.7793,20093.7793,343130000
1554,2017/1/30,20028.61914,20028.61914,19870.39063,19971.13086,19971.13086,317280000
1555,2017/1/31,19913.16016,19918.16992,19784.76953,19864.08984,19864.08984,373750000
1556,2017/2/1,19923.81055,19967.73047,19845.99023,19890.93945,19890.93945,426670000
1557,2017/2/2,19858.33984,19922.75,19831.08984,19884.91016,19884.91016,347220000
1558,2017/2/3,19964.21094,20081.48047,19964.21094,20071.46094,20071.46094,344220000
1559,2017/2/6,20025.60938,20094.94922,20002.81055,20052.41992,20052.41992,281720000
1560,2017/2/7,20107.61914,20155.34961,20068.67969,20090.28906,20090.28906,279670000
1561,2017/2/8,20049.28906,20068.2793,20015.33008,20054.33984,20054.33984,280410000
1562,2017/2/9,20061.73047,20206.35938,20061.73047,20172.40039,20172.40039,325310000
1563,2017/2/10,20211.23047,20298.21094,20204.75977,20269.36914,20269.36914,312230000
1564,2017/2/13,20338.53906,20441.48047,20322.94922,20412.16016,20412.16016,314620000
1565,2017/2/14,20374.2207,20504.41016,20374.01953,20504.41016,20504.41016,356580000
1566,2017/2/15,20504.26953,20620.44922,20496.0293,20611.85938,20611.85938,384380000
1567,2017/2/16,20627.31055,20639.86914,20556.83008,20619.76953,20619.76953,354120000
1568,2017/2/17,20564.13086,20624.05078,20532.60938,20624.05078,20624.05078,340620000
1569,2017/2/21,20663.42969,20757.64063,20663.36914,20743.0,20743.0,336880000
1570,2017/2/22,20715.41016,20781.58984,20692.39063,20775.59961,20775.59961,310530000
1571,2017/2/23,20817.21094,20840.69922,20746.41016,20810.32031,20810.32031,302110000
1572,2017/2/24,20751.91016,20821.75977,20733.94922,20821.75977,20821.75977,292540000
1573,2017/2/27,20808.71094,20851.33008,20774.75977,20837.43945,20837.43945,256540000
1574,2017/2/28,20833.88086,20841.24023,20781.21094,20812.24023,20812.24023,339210000
1575,2017/3/1,20957.28906,21169.10938,20957.28906,21115.55078,21115.55078,392820000
1576,2017/3/2,21128.91016,21129.19922,20996.60938,21002.9707,21002.9707,319910000
1577,2017/3/3,21008.75,21039.96094,20953.85938,21005.71094,21005.71094,254420000
1578,2017/3/6,20955.71094,20986.42969,20912.10938,20954.33984,20954.33984,266620000
1579,2017/3/7,20934.89063,20970.53906,20901.25977,20924.75977,20924.75977,274630000
1580,2017/3/8,20940.43945,20951.43945,20835.58008,20855.73047,20855.73047,296780000
1581,2017/3/9,20864.32031,20900.57031,20777.16016,20858.18945,20858.18945,275960000
1582,2017/3/10,20919.00977,20940.28906,20827.66016,20902.98047,20902.98047,315430000
1583,2017/3/13,20899.2793,20926.06055,20845.71094,20881.48047,20881.48047,289260000
1584,2017/3/14,20848.59961,20874.0,20786.31055,20837.36914,20837.36914,246820000
1585,2017/3/15,20874.7793,20977.4707,20859.59961,20950.09961,20950.09961,306590000
1586,2017/3/16,20969.26953,21000.10938,20893.5,20934.55078,20934.55078,264360000
1587,2017/3/17,20965.36914,20980.50977,20911.07031,20914.61914,20914.61914,535280000
1588,2017/3/20,20916.26953,20955.44922,20885.69922,20905.85938,20905.85938,253610000
1589,2017/3/21,20956.33008,20970.03906,20653.25977,20668.00977,20668.00977,369320000
1590,2017/3/22,20640.41992,20686.21094,20578.94922,20661.30078,20661.30078,325090000
1591,2017/3/23,20645.07031,20757.89063,20618.61914,20656.58008,20656.58008,280050000
1592,2017/3/24,20674.44922,20718.33008,20529.66992,20596.7207,20596.7207,292980000
1593,2017/3/27,20488.34961,20578.46094,20412.80078,20550.98047,20550.98047,269380000
1594,2017/3/28,20542.14063,20735.60938,20520.09961,20701.5,20701.5,299670000
1595,2017/3/29,20675.75,20684.73047,20625.0293,20659.32031,20659.32031,238320000
1596,2017/3/30,20662.78906,20753.7793,20643.59961,20728.49023,20728.49023,270900000
1597,2017/3/31,20700.33984,20722.58984,20660.67969,20663.2207,20663.2207,303770000
1598,2017/4/3,20665.16992,20692.33984,20517.82031,20650.21094,20650.21094,285670000
1599,2017/4/4,20634.93945,20701.28906,20605.30078,20689.24023,20689.24023,237390000
1600,2017/4/5,20745.06055,20887.5,20639.55078,20648.15039,20648.15039,284980000
1601,2017/4/6,20653.76953,20746.46094,20612.16992,20662.94922,20662.94922,251720000
1602,2017/4/7,20647.81055,20726.07031,20606.94922,20656.09961,20656.09961,219730000
1603,2017/4/10,20668.2207,20750.33008,20614.85938,20658.01953,20658.01953,230480000
1604,2017/4/11,20644.32031,20660.0293,20512.56055,20651.30078,20651.30078,255120000
1605,2017/4/12,20637.94922,20642.53906,20553.0293,20591.85938,20591.85938,267670000
1606,2017/4/13,20561.68945,20612.26953,20453.25,20453.25,20453.25,235810000
1607,2017/4/17,20484.75,20644.41016,20484.75,20636.91992,20636.91992,229240000
1608,2017/4/18,20561.39063,20600.11914,20462.2793,20523.2793,20523.2793,263180000
1609,2017/4/19,20503.51953,20546.68945,20379.55078,20404.49023,20404.49023,294790000
1610,2017/4/20,20406.67969,20629.7793,20406.67969,20578.71094,20578.71094,312440000
1611,2017/4/21,20578.09961,20601.40039,20505.33008,20547.75977,20547.75977,369600000
1612,2017/4/24,20723.58984,20792.19922,20723.58984,20763.89063,20763.89063,342400000
1613,2017/4/25,20915.50977,21026.9707,20909.38086,20996.11914,20996.11914,348180000
1614,2017/4/26,21009.94922,21070.90039,20972.26953,20975.08984,20975.08984,328550000
1615,2017/4/27,20991.11914,21005.80078,20935.80078,20981.33008,20981.33008,305690000
1616,2017/4/28,20987.39063,20987.75977,20926.75,20940.50977,20940.50977,329990000
1617,2017/5/1,20962.73047,20976.61914,20898.38086,20913.46094,20913.46094,288160000
1618,2017/5/2,20941.18945,20960.91992,20904.06055,20949.89063,20949.89063,338810000
1619,2017/5/3,20915.0,20972.74023,20874.17969,20957.90039,20957.90039,310920000
1620,2017/5/4,20987.83008,20990.78906,20847.94922,20951.4707,20951.4707,274720000
1621,2017/5/5,20929.03906,21006.93945,20905.0,21006.93945,21006.93945,260960000
1622,2017/5/8,20991.25977,21017.89063,20971.05078,21012.2793,21012.2793,276150000
1623,2017/5/9,21022.2793,21046.84961,20938.03906,20975.7793,20975.7793,273000000
1624,2017/5/10,20958.49023,20976.2793,20884.15039,20943.10938,20943.10938,283340000
1625,2017/5/11,20925.7207,20933.35938,20798.90039,20919.41992,20919.41992,287680000
1626,2017/5/12,20893.18945,20916.09961,20869.74023,20896.60938,20896.60938,288500000
1627,2017/5/15,20923.63086,21000.83008,20923.63086,20981.93945,20981.93945,313170000
1628,2017/5/16,20984.48047,21033.5293,20932.88086,20979.75,20979.75,311580000
1629,2017/5/17,20846.16992,20846.16992,20601.08008,20606.92969,20606.92969,423200000
1630,2017/5/18,20579.65039,20759.19922,20553.44922,20663.01953,20663.01953,422590000
1631,2017/5/19,20698.2793,20857.13086,20687.93945,20804.83984,20804.83984,365180000
1632,2017/5/22,20867.76953,20914.25977,20860.16016,20894.83008,20894.83008,276120000
1633,2017/5/23,20908.66992,20961.14063,20896.2207,20937.91016,20937.91016,244950000
1634,2017/5/24,20949.21094,21022.82031,20933.58008,21012.41992,21012.41992,283180000
1635,2017/5/25,21062.96094,21112.32031,21051.41016,21082.94922,21082.94922,268970000
1636,2017/5/26,21070.15039,21092.82031,21050.49023,21080.2793,21080.2793,208000000
1637,2017/5/30,21045.49023,21063.61914,21009.59961,21029.4707,21029.4707,242810000
1638,2017/5/31,21048.46094,21051.69922,20942.57031,21008.65039,21008.65039,371580000
1639,2017/6/1,21030.55078,21144.17969,20994.2207,21144.17969,21144.17969,276730000
1640,2017/6/2,21142.08984,21225.03906,21129.56055,21206.28906,21206.28906,329700000
1641,2017/6/5,21195.0293,21224.41016,21168.68945,21184.03906,21184.03906,269790000
1642,2017/6/6,21145.48047,21180.4707,21118.46094,21136.23047,21136.23047,283550000
1643,2017/6/7,21171.57031,21189.83984,21113.31055,21173.68945,21173.68945,273400000
1644,2017/6/8,21169.75977,21265.68945,21138.16016,21182.5293,21182.5293,330330000
1645,2017/6/9,21208.96094,21305.34961,21159.44922,21271.9707,21271.9707,397200000
1646,2017/6/12,21259.94922,21277.08008,21186.15039,21235.66992,21235.66992,528080000
1647,2017/6/13,21256.83008,21332.76953,21256.83008,21328.4707,21328.4707,323510000
1648,2017/6/14,21342.71094,21391.9707,21294.08984,21374.56055,21374.56055,295090000
1649,2017/6/15,21291.68945,21367.2793,21261.86914,21359.90039,21359.90039,317200000
1650,2017/6/16,21335.92969,21384.41992,21308.00977,21384.2793,21384.2793,603260000
1651,2017/6/19,21444.75,21528.99023,21436.08008,21528.99023,21528.99023,289400000
1652,2017/6/20,21521.25,21535.0293,21464.24023,21467.14063,21467.14063,310200000
1653,2017/6/21,21466.39063,21492.61914,21390.0,21410.0293,21410.0293,292500000
1654,2017/6/22,21407.98047,21456.4707,21394.81055,21397.28906,21397.28906,270680000
1655,2017/6/23,21380.91992,21421.78906,21333.89063,21394.75977,21394.75977,368400000
1656,2017/6/26,21434.67969,21506.21094,21381.25,21409.55078,21409.55078,241880000
1657,2017/6/27,21411.18945,21440.59961,21310.66016,21310.66016,21310.66016,292170000
1658,2017/6/28,21372.35938,21478.75,21372.35938,21454.60938,21454.60938,271510000
1659,2017/6/29,21487.38086,21487.38086,21197.08008,21287.0293,21287.0293,336750000
1660,2017/6/30,21348.59961,21426.11914,21325.08008,21349.63086,21349.63086,313260000
1661,2017/7/3,21392.30078,21562.75,21391.71094,21479.26953,21479.26953,186810000
1662,2017/7/5,21492.83008,21505.35938,21404.75977,21478.16992,21478.16992,273690000
1663,2017/7/6,21423.92969,21433.09961,21305.38086,21320.03906,21320.03906,320450000
1664,2017/7/7,21354.66016,21425.82031,21350.7207,21414.33984,21414.33984,242240000
1665,2017/7/10,21381.23047,21446.39063,21371.10938,21408.51953,21408.51953,270340000
1666,2017/7/11,21410.16992,21441.61914,21279.30078,21409.07031,21409.07031,247570000
1667,2017/7/12,21467.92969,21580.78906,21467.92969,21532.14063,21532.14063,267870000
1668,2017/7/13,21537.18945,21568.7207,21512.35938,21553.08984,21553.08984,232270000
1669,2017/7/14,21532.76953,21681.5293,21521.7207,21637.74023,21637.74023,235590000
1670,2017/7/17,21633.9707,21661.81055,21617.66016,21629.7207,21629.7207,244780000
1671,2017/7/18,21589.93945,21589.93945,21471.14063,21574.73047,21574.73047,251110000
1672,2017/7/19,21569.25,21640.75,21565.83984,21640.75,21640.75,253040000
1673,2017/7/20,21641.53906,21661.91016,21576.96094,21611.7793,21611.7793,313950000
1674,2017/7/21,21591.7207,21592.60938,21503.7793,21580.07031,21580.07031,362830000
1675,2017/7/24,21577.7793,21577.7793,21496.13086,21513.16992,21513.16992,284080000
1676,2017/7/25,21638.56055,21670.61914,21577.36914,21613.42969,21613.42969,304300000
1677,2017/7/26,21690.38086,21742.69922,21683.28906,21711.00977,21711.00977,278240000
1678,2017/7/27,21717.41992,21798.4707,21687.84961,21796.55078,21796.55078,407320000
1679,2017/7/28,21787.50977,21841.17969,21756.11914,21830.31055,21830.31055,285630000
1680,2017/7/31,21863.39063,21929.80078,21861.71094,21891.11914,21891.11914,307610000
1681,2017/8/1,21961.41992,21990.96094,21940.81055,21963.91992,21963.91992,328410000
1682,2017/8/2,22004.35938,22036.09961,21967.46094,22016.24023,22016.24023,336820000
1683,2017/8/3,22007.58008,22044.84961,21991.32031,22026.09961,22026.09961,278730000
1684,2017/8/4,22058.39063,22092.81055,22024.64063,22092.81055,22092.81055,253640000
1685,2017/8/7,22100.19922,22121.15039,22081.9707,22118.41992,22118.41992,213010000
1686,2017/8/8,22095.14063,22179.10938,22057.28906,22085.33984,22085.33984,262000000
1687,2017/8/9,22022.33984,22057.18945,21996.68945,22048.69922,22048.69922,277800000
1688,2017/8/10,21988.19922,21988.19922,21843.93945,21844.00977,21844.00977,303310000
1689,2017/8/11,21883.32031,21911.08984,21842.74023,21858.32031,21858.32031,237790000
1690,2017/8/14,21945.64063,22019.23047,21945.64063,21993.71094,21993.71094,235030000
1691,2017/8/15,22029.91016,22038.91992,21971.48047,21998.99023,21998.99023,269070000
1692,2017/8/16,22031.92969,22085.71094,22002.4707,22024.86914,22024.86914,264920000
1693,2017/8/17,21984.74023,21984.74023,21750.32031,21750.73047,21750.73047,311030000
1694,2017/8/18,21724.88086,21793.34961,21641.63086,21674.50977,21674.50977,309070000
1695,2017/8/21,21671.35938,21718.74023,21600.33984,21703.75,21703.75,277880000
1696,2017/8/22,21739.7793,21912.83008,21738.13086,21899.89063,21899.89063,244980000
1697,2017/8/23,21850.26953,21866.66016,21808.39063,21812.08984,21812.08984,234810000
1698,2017/8/24,21839.90039,21870.10938,21765.82031,21783.40039,21783.40039,228480000
1699,2017/8/25,21819.08008,21906.85938,21812.81055,21813.66992,21813.66992,217570000
1700,2017/8/28,21832.5,21861.49023,21767.93945,21808.40039,21808.40039,218740000
1701,2017/8/29,21718.0,21879.2207,21673.58008,21865.36914,21865.36914,227340000
1702,2017/8/30,21859.75977,21914.25977,21839.4707,21892.42969,21892.42969,242840000
1703,2017/8/31,21936.00977,21985.75977,21910.5,21948.09961,21948.09961,376790000
1704,2017/9/1,21981.76953,22038.9707,21974.91016,21987.56055,21987.56055,256240000
1705,2017/9/5,21912.36914,21921.08984,21709.63086,21753.31055,21753.31055,332840000
1706,2017/9/6,21815.75977,21849.24023,21794.07031,21807.64063,21807.64063,318760000
1707,2017/9/7,21820.38086,21850.00977,21745.71094,21784.7793,21784.7793,333810000
1708,2017/9/8,21764.42969,21846.63086,21731.11914,21797.78906,21797.78906,289400000
1709,2017/9/11,21927.78906,22067.09961,21927.78906,22057.36914,22057.36914,312770000
1710,2017/9/12,22090.56055,22134.57031,22087.08984,22118.85938,22118.85938,364580000
1711,2017/9/13,22103.4707,22158.17969,22095.78906,22158.17969,22158.17969,291890000
1712,2017/9/14,22144.96094,22216.43945,22135.25977,22203.48047,22203.48047,297780000
1713,2017/9/15,22252.43945,22275.01953,22214.51953,22268.33984,22268.33984,527540000
1714,2017/9/18,22297.91992,22355.61914,22283.34961,22331.34961,22331.34961,302740000
1715,2017/9/19,22349.69922,22386.00977,22340.71094,22370.80078,22370.80078,295570000
1716,2017/9/20,22351.38086,22413.25977,22314.67969,22412.58984,22412.58984,334560000
1717,2017/9/21,22414.01953,22419.50977,22356.55078,22359.23047,22359.23047,287390000
1718,2017/9/22,22334.07031,22364.31055,22299.58008,22349.58984,22349.58984,297140000
1719,2017/9/25,22320.4707,22359.88086,22219.10938,22296.08984,22296.08984,332430000
1720,2017/9/26,22322.0293,22369.34961,22279.51953,22284.32031,22284.32031,285990000
1721,2017/9/27,22330.92969,22371.09961,22254.92969,22340.71094,22340.71094,342900000
1722,2017/9/28,22306.83008,22394.74023,22288.9707,22381.19922,22381.19922,263010000
1723,2017/9/29,22358.4707,22405.63086,22332.96094,22405.08984,22405.08984,274790000
1724,2017/10/2,22423.4707,22559.38086,22416.0,22557.59961,22557.59961,268530000
1725,2017/10/3,22564.44922,22646.32031,22562.90039,22641.66992,22641.66992,238830000
1726,2017/10/4,22645.66992,22685.93945,22632.80078,22661.64063,22661.64063,235730000
1727,2017/10/5,22669.08008,22777.03906,22655.14063,22775.39063,22775.39063,246400000
1728,2017/10/6,22762.0293,22773.66992,22730.84961,22773.66992,22773.66992,221450000
1729,2017/10/9,22779.73047,22803.36914,22739.38086,22761.07031,22761.07031,310770000
1730,2017/10/10,22784.75977,22850.50977,22770.99023,22830.67969,22830.67969,319270000
1731,2017/10/11,22827.65039,22872.89063,22821.66016,22872.89063,22872.89063,316000000
1732,2017/10/12,22854.84961,22884.82031,22821.13086,22841.00977,22841.00977,291790000
1733,2017/10/13,22876.42969,22905.33008,22855.92969,22871.7207,22871.7207,259560000
1734,2017/10/16,22892.91992,22960.11914,22887.11914,22956.96094,22956.96094,247180000
1735,2017/10/17,22952.41016,23002.19922,22948.23047,22997.43945,22997.43945,273090000
1736,2017/10/18,23087.13086,23172.92969,23086.75,23157.59961,23157.59961,271870000
1737,2017/10/19,23107.4707,23167.24023,23052.66992,23163.03906,23163.03906,350400000
1738,2017/10/20,23205.17969,23328.83984,23201.7793,23328.63086,23328.63086,474380000
1739,2017/10/23,23348.94922,23368.36914,23273.96094,23273.96094,23273.96094,456830000
1740,2017/10/24,23346.7793,23485.25,23343.23047,23441.75977,23441.75977,406850000
1741,2017/10/25,23431.08984,23451.50977,23251.10938,23329.46094,23329.46094,399560000
1742,2017/10/26,23380.89063,23459.83984,23380.89063,23400.85938,23400.85938,370600000
1743,2017/10/27,23419.16016,23449.40039,23353.16016,23434.18945,23434.18945,518870000
1744,2017/10/30,23405.75,23428.75,23327.86914,23348.74023,23348.74023,436900000
1745,2017/10/31,23369.2207,23406.34961,23334.39063,23377.24023,23377.24023,388050000
1746,2017/11/1,23442.90039,23517.71094,23388.91016,23435.00977,23435.00977,361260000
1747,2017/11/2,23463.24023,23531.38086,23350.98047,23516.25977,23516.25977,348040000
1748,2017/11/3,23549.58984,23557.06055,23481.57031,23539.18945,23539.18945,312250000
1749,2017/11/6,23533.96094,23574.85938,23520.75,23548.41992,23548.41992,325190000
1750,2017/11/7,23574.0293,23602.11914,23484.18945,23557.23047,23557.23047,285080000
1751,2017/11/8,23542.59961,23575.0,23510.56055,23563.35938,23563.35938,264670000
1752,2017/11/9,23492.08984,23516.74023,23310.01953,23461.93945,23461.93945,305440000
1753,2017/11/10,23432.71094,23452.19922,23392.96094,23422.21094,23422.21094,351280000
1754,2017/11/13,23367.4707,23461.67969,23343.33984,23439.69922,23439.69922,491260000
1755,2017/11/14,23388.40039,23414.08008,23271.57031,23409.4707,23409.4707,561330000
1756,2017/11/15,23334.58984,23344.99023,23242.75,23271.2793,23271.2793,404300000
1757,2017/11/16,23365.33984,23492.18945,23365.33984,23458.35938,23458.35938,402020000
1758,2017/11/17,23433.76953,23433.76953,23356.00977,23358.24023,23358.24023,386000000
1759,2017/11/20,23370.71094,23456.88086,23360.58008,23430.33008,23430.33008,315330000
1760,2017/11/21,23500.15039,23617.80078,23500.15039,23590.83008,23590.83008,329650000
1761,2017/11/22,23597.24023,23605.76953,23507.60938,23526.17969,23526.17969,268760000
1762,2017/11/24,23552.75,23599.17969,23551.58984,23557.99023,23557.99023,118610000
1763,2017/11/27,23552.85938,23638.91992,23545.01953,23580.7793,23580.7793,296320000
1764,2017/11/28,23625.18945,23849.60938,23617.10938,23836.71094,23836.71094,319240000
1765,2017/11/29,23883.25977,23959.75977,23872.58984,23940.67969,23940.67969,401410000
1766,2017/11/30,24013.80078,24327.82031,24013.80078,24272.34961,24272.34961,488200000
1767,2017/12/1,24305.40039,24322.06055,23921.90039,24231.58984,24231.58984,417910000
1768,2017/12/4,24424.10938,24534.03906,24288.18945,24290.05078,24290.05078,424250000
1769,2017/12/5,24335.00977,24349.74023,24155.2793,24180.64063,24180.64063,371190000
1770,2017/12/6,24171.90039,24229.34961,24134.49023,24140.91016,24140.91016,312720000
1771,2017/12/7,24116.59961,24262.88086,24101.24023,24211.48047,24211.48047,319060000
1772,2017/12/8,24263.25977,24330.11914,24225.5,24329.16016,24329.16016,293590000
1773,2017/12/11,24338.10938,24389.7207,24314.74023,24386.0293,24386.0293,300580000
1774,2017/12/12,24452.96094,24552.9707,24443.83008,24504.80078,24504.80078,342220000
1775,2017/12/13,24525.18945,24666.01953,24518.30078,24585.42969,24585.42969,325280000
1776,2017/12/14,24631.00977,24672.48047,24508.66016,24508.66016,24508.66016,314780000
1777,2017/12/15,24585.71094,24688.61914,24584.43945,24651.74023,24651.74023,635740000
1778,2017/12/18,24739.56055,24876.07031,24739.56055,24792.19922,24792.19922,354880000
1779,2017/12/19,24834.38086,24850.10938,24715.59961,24754.75,24754.75,335330000
1780,2017/12/20,24838.08984,24852.43945,24697.10938,24726.65039,24726.65039,341790000
1781,2017/12/21,24778.25977,24850.91016,24766.26953,24782.28906,24782.28906,339530000
1782,2017/12/22,24764.03906,24784.15039,24717.50977,24754.06055,24754.06055,255140000
1783,2017/12/26,24715.83984,24778.13086,24708.41992,24746.21094,24746.21094,208290000
1784,2017/12/27,24766.51953,24789.51953,24731.67969,24774.30078,24774.30078,225890000
1785,2017/12/28,24807.21094,24839.23047,24797.13086,24837.50977,24837.50977,200960000
1786,2017/12/29,24849.63086,24871.66016,24719.2207,24719.2207,24719.2207,270760000
1787,2018/1/2,24809.34961,24864.18945,24741.69922,24824.00977,24824.00977,341130000
1788,2018/1/3,24850.44922,24941.91992,24825.55078,24922.67969,24922.67969,456790000
1789,2018/1/4,24964.85938,25105.96094,24963.26953,25075.13086,25075.13086,403280000
1790,2018/1/5,25114.91992,25299.78906,25112.00977,25295.86914,25295.86914,358020000
1791,2018/1/8,25308.40039,25311.99023,25235.41016,25283.0,25283.0,341390000
1792,2018/1/9,25312.05078,25439.7793,25308.41016,25385.80078,25385.80078,333490000
1793,2018/1/10,25348.13086,25404.91992,25256.99023,25369.13086,25369.13086,341470000
1794,2018/1/11,25398.59961,25575.41992,25396.18945,25574.73047,25574.73047,346830000
1795,2018/1/12,25638.39063,25810.42969,25633.08008,25803.18945,25803.18945,376390000
1796,2018/1/16,25987.61914,26086.11914,25702.99023,25792.85938,25792.85938,606520000
1797,2018/1/17,25910.7793,26130.44922,25865.01953,26115.65039,26115.65039,522720000
1798,2018/1/18,26149.55078,26153.41992,25947.32031,26017.81055,26017.81055,492780000
1799,2018/1/19,25987.34961,26071.7207,25942.83008,26071.7207,26071.7207,585000000
1800,2018/1/22,26025.32031,26215.23047,25974.65039,26214.59961,26214.59961,431200000
1801,2018/1/23,26214.86914,26246.18945,26143.90039,26210.81055,26210.81055,433490000
1802,2018/1/24,26282.07031,26392.80078,26106.93945,26252.11914,26252.11914,518790000
1803,2018/1/25,26313.06055,26458.25,26259.7207,26392.78906,26392.78906,401390000
1804,2018/1/26,26466.74023,26616.71094,26425.34961,26616.71094,26616.71094,477780000
1805,2018/1/29,26584.2793,26608.90039,26435.33984,26439.48047,26439.48047,421000000
1806,2018/1/30,26198.44922,26256.99023,26028.41992,26076.89063,26076.89063,448330000
1807,2018/1/31,26268.16992,26338.0293,26050.98047,26149.39063,26149.39063,479130000
1808,2018/2/1,26083.03906,26306.69922,26014.43945,26186.71094,26186.71094,410620000
1809,2018/2/2,26061.78906,26061.78906,25490.66016,25520.96094,25520.96094,522880000
1810,2018/2/5,25337.86914,25520.5293,23923.88086,24345.75,24345.75,714450000
1811,2018/2/6,24085.16992,24946.23047,23778.74023,24912.76953,24912.76953,823940000
1812,2018/2/7,24892.86914,25293.96094,24785.43945,24893.34961,24893.34961,504620000
1813,2018/2/8,24902.30078,24903.67969,23849.23047,23860.46094,23860.46094,657500000
1814,2018/2/9,23992.66992,24382.14063,23360.28906,24190.90039,24190.90039,735030000
1815,2018/2/12,24337.75977,24765.16016,24290.48047,24601.26953,24601.26953,496610000
1816,2018/2/13,24540.33008,24705.7207,24421.0293,24640.44922,24640.44922,374410000
1817,2018/2/14,24535.82031,24925.94922,24490.35938,24893.49023,24893.49023,431160000
1818,2018/2/15,25047.82031,25203.94922,24809.41992,25200.36914,25200.36914,416780000
1819,2018/2/16,25165.93945,25432.41992,25149.25977,25219.38086,25219.38086,406730000
1820,2018/2/20,25124.91016,25179.00977,24884.18945,24964.75,24964.75,421510000
1821,2018/2/21,24988.06055,25267.99023,24792.99023,24797.7793,24797.7793,456070000
1822,2018/2/22,24855.41016,25156.7207,24854.83008,24962.48047,24962.48047,378900000
1823,2018/2/23,25050.50977,25313.91016,25028.73047,25309.99023,25309.99023,335420000
1824,2018/2/26,25403.34961,25732.80078,25398.56055,25709.26953,25709.26953,473360000
1825,2018/2/27,25735.7793,25800.34961,25407.83008,25410.0293,25410.0293,438390000
1826,2018/2/28,25485.15039,25576.15039,25022.41992,25029.19922,25029.19922,451870000
1827,2018/3/1,25024.03906,25185.34961,24442.56055,24608.98047,24608.98047,506280000
1828,2018/3/2,24394.91016,24592.46094,24217.75977,24538.06055,24538.06055,437130000
1829,2018/3/5,24471.31055,24961.0,24387.15039,24874.75977,24874.75977,383910000
1830,2018/3/6,24965.89063,24995.24023,24708.41016,24884.11914,24884.11914,331770000
1831,2018/3/7,24758.15039,24849.67969,24535.11914,24801.35938,24801.35938,394070000
1832,2018/3/8,24853.41016,24950.49023,24703.05078,24895.21094,24895.21094,327300000
1833,2018/3/9,25004.89063,25336.33008,25004.89063,25335.74023,25335.74023,371570000
1834,2018/3/12,25372.43945,25449.15039,25152.01953,25178.60938,25178.60938,362580000
1835,2018/3/13,25257.75,25376.40039,24947.5,25007.0293,25007.0293,447880000
1836,2018/3/14,25086.9707,25130.11914,24668.83008,24758.11914,24758.11914,356830000
1837,2018/3/15,24837.28906,25053.86914,24753.28906,24873.66016,24873.66016,316310000
1838,2018/3/16,24877.33984,25031.0,24857.08984,24946.50977,24946.50977,654240000
1839,2018/3/19,24893.68945,24893.68945,24453.14063,24610.91016,24610.91016,377990000
1840,2018/3/20,24650.64063,24803.60938,24650.64063,24727.26953,24727.26953,342510000
1841,2018/3/21,24723.49023,24977.65039,24655.40039,24682.31055,24682.31055,343230000
1842,2018/3/22,24526.00977,24526.00977,23938.74023,23957.89063,23957.89063,439280000
1843,2018/3/23,23995.17969,24108.4707,23509.06055,23533.19922,23533.19922,482550000
1844,2018/3/26,23825.74023,24232.30078,23741.2207,24202.59961,24202.59961,479540000
1845,2018/3/27,24276.61914,24446.2207,23708.73047,23857.71094,23857.71094,524480000
1846,2018/3/28,23883.08008,24092.4707,23728.66992,23848.41992,23848.41992,530040000
1847,2018/3/29,23949.17969,24314.30078,23928.13086,24103.10938,24103.10938,463550000
1848,2018/4/2,24076.59961,24123.80078,23344.51953,23644.18945,23644.18945,509820000
1849,2018/4/3,23698.33008,24044.34961,23664.33008,24033.35938,24033.35938,394130000
1850,2018/4/4,23654.15039,24308.96094,23523.16016,24264.30078,24264.30078,388540000
1851,2018/4/5,24313.91016,24622.25977,24313.91016,24505.2207,24505.2207,347790000
1852,2018/4/6,24373.59961,24434.40039,23738.19922,23932.75977,23932.75977,395990000
1853,2018/4/9,24037.51953,24373.17969,23954.83008,23979.09961,23979.09961,380790000
1854,2018/4/10,24198.94922,24511.34961,24198.94922,24408.0,24408.0,368590000
1855,2018/4/11,24274.18945,24366.57031,24150.86914,24189.44922,24189.44922,286360000
1856,2018/4/12,24302.82031,24592.11914,24302.82031,24483.05078,24483.05078,336130000
1857,2018/4/13,24582.82031,24646.44922,24243.74023,24360.14063,24360.14063,331890000
1858,2018/4/16,24483.15039,24675.35938,24480.19922,24573.03906,24573.03906,305070000
1859,2018/4/17,24681.78906,24858.9707,24681.78906,24786.63086,24786.63086,342410000
1860,2018/4/18,24820.84961,24832.53906,24721.08984,24748.07031,24748.07031,302030000
1861,2018/4/19,24711.30078,24762.48047,24557.0293,24664.89063,24664.89063,381110000
1862,2018/4/20,24657.39063,24678.07031,24375.03906,24462.93945,24462.93945,537770000
1863,2018/4/23,24488.07031,24536.89063,24328.53906,24448.68945,24448.68945,351030000
1864,2018/4/24,24579.93945,24579.93945,23828.73047,24024.13086,24024.13086,468180000
1865,2018/4/25,24070.19922,24146.33984,23823.08008,24083.83008,24083.83008,437100000
1866,2018/4/26,24128.7207,24402.46094,24128.7207,24322.33984,24322.33984,390360000
1867,2018/4/27,24342.14063,24359.38086,24194.44922,24311.18945,24311.18945,392810000
1868,2018/4/30,24410.41016,24498.23047,24163.08008,24163.15039,24163.15039,416650000
1869,2018/5/1,24117.28906,24117.28906,23808.18945,24099.05078,24099.05078,380070000
1870,2018/5/2,24097.63086,24185.51953,23886.30078,23924.98047,23924.98047,385350000
1871,2018/5/3,23836.23047,23996.15039,23531.31055,23930.15039,23930.15039,389240000
1872,2018/5/4,23865.2207,24333.34961,23778.86914,24262.50977,24262.50977,329480000
1873,2018/5/7,24317.66016,24479.44922,24263.41992,24357.32031,24357.32031,307670000
1874,2018/5/8,24341.34961,24412.33984,24198.33984,24360.21094,24360.21094,344940000
1875,2018/5/9,24399.17969,24586.48047,24323.86914,24542.53906,24542.53906,361580000
1876,2018/5/10,24591.66016,24794.99023,24575.91016,24739.5293,24739.5293,304210000
1877,2018/5/11,24758.64063,24868.65039,24717.5,24831.16992,24831.16992,274150000
1878,2018/5/14,24879.36914,24994.18945,24862.51953,24899.41016,24899.41016,282860000
1879,2018/5/15,24809.55078,24809.55078,24629.39063,24706.41016,24706.41016,301900000
1880,2018/5/16,24722.32031,24801.18945,24672.78906,24768.92969,24768.92969,280810000
1881,2018/5/17,24752.40039,24839.49023,24639.40039,24713.98047,24713.98047,314650000
1882,2018/5/18,24707.7207,24774.9707,24664.86914,24715.08984,24715.08984,269700000
1883,2018/5/21,24883.06055,25086.49023,24883.06055,25013.28906,25013.28906,308920000
1884,2018/5/22,25047.55078,25064.99023,24812.06055,24834.41016,24834.41016,288200000
1885,2018/5/23,24757.71094,24889.46094,24667.11914,24886.81055,24886.81055,399610000
1886,2018/5/24,24877.35938,24877.35938,24605.90039,24811.75977,24811.75977,347050000
1887,2018/5/25,24781.28906,24824.2207,24687.81055,24753.08984,24753.08984,257210000
1888,2018/5/29,24606.58984,24635.17969,24247.83984,24361.44922,24361.44922,395810000
1889,2018/5/30,24467.83008,24714.48047,24459.08984,24667.7793,24667.7793,324870000
1890,2018/5/31,24620.78906,24620.78906,24352.15039,24415.83984,24415.83984,429740000
1891,2018/6/1,24542.08984,24673.59961,24542.08984,24635.21094,24635.21094,315710000
1892,2018/6/4,24727.55078,24859.36914,24722.14063,24813.68945,24813.68945,340400000
1893,2018/6/5,24820.11914,24838.7793,24710.82031,24799.98047,24799.98047,306340000
1894,2018/6/6,24854.14063,25146.46094,24854.14063,25146.39063,25146.39063,316090000
1895,2018/6/7,25192.14063,25326.08984,25164.48047,25241.41016,25241.41016,357680000
1896,2018/6/8,25209.28906,25325.63086,25165.69922,25316.5293,25316.5293,317510000
1897,2018/6/11,25336.66992,25402.83008,25290.19922,25322.31055,25322.31055,276740000
1898,2018/6/12,25346.82031,25364.36914,25247.03906,25320.73047,25320.73047,265750000
1899,2018/6/13,25328.65039,25362.07031,25191.41992,25201.19922,25201.19922,329700000
1900,2018/6/14,25254.65039,25332.5,25138.59961,25175.31055,25175.31055,341170000
1901,2018/6/15,25116.71094,25130.82031,24894.38086,25090.48047,25090.48047,659370000
1902,2018/6/18,24944.2793,25003.09961,24825.76953,24987.4707,24987.4707,337070000
1903,2018/6/19,24763.58984,24763.58984,24567.75,24700.21094,24700.21094,376380000
1904,2018/6/20,24771.16992,24804.75977,24628.39063,24657.80078,24657.80078,359520000
1905,2018/6/21,24639.21094,24639.21094,24406.63086,24461.69922,24461.69922,349570000
1906,2018/6/22,24526.9707,24663.17969,24526.9707,24580.89063,24580.89063,473970000
1907,2018/6/25,24463.73047,24463.73047,24084.39063,24252.80078,24252.80078,439130000
1908,2018/6/26,24281.89063,24384.21094,24241.2207,24283.10938,24283.10938,301130000
1909,2018/6/27,24303.10938,24569.01953,24115.82031,24117.58984,24117.58984,313790000
1910,2018/6/28,24064.18945,24308.16016,23997.21094,24216.05078,24216.05078,305020000
1911,2018/6/29,24323.92969,24509.51953,24269.71094,24271.41016,24271.41016,329070000
1912,2018/7/2,24161.5293,24319.41992,24077.56055,24307.17969,24307.17969,244110000
1913,2018/7/3,24359.39063,24444.88086,24150.84961,24174.82031,24174.82031,160960000
1914,2018/7/5,24285.82031,24372.80078,24177.43945,24356.74023,24356.74023,237670000
1915,2018/7/6,24352.4707,24520.28906,24281.4707,24456.48047,24456.48047,219450000
1916,2018/7/9,24519.19922,24796.51953,24518.42969,24776.58984,24776.58984,240580000
1917,2018/7/10,24806.9707,24945.38086,24806.9707,24919.66016,24919.66016,235040000
1918,2018/7/11,24789.48047,24815.16016,24663.82031,24700.44922,24700.44922,237370000
1919,2018/7/12,24802.90039,24939.9707,24802.90039,24924.89063,24924.89063,233150000
1920,2018/7/13,24926.07031,25043.21094,24890.06055,25019.41016,25019.41016,255520000
1921,2018/7/16,25025.58008,25072.41016,24979.64063,25064.35938,25064.35938,231270000
1922,2018/7/17,25033.91992,25155.39063,24989.60938,25119.89063,25119.89063,250450000
1923,2018/7/18,25133.78906,25215.32031,25101.11914,25199.28906,25199.28906,252870000
1924,2018/7/19,25139.15039,25154.16992,25052.61914,25064.5,25064.5,285760000
1925,2018/7/20,25041.14063,25124.09961,24986.34961,25058.11914,25058.11914,274080000
1926,2018/7/23,25036.90039,25081.44922,24983.33008,25044.28906,25044.28906,228820000
1927,2018/7/24,25092.42969,25286.61914,25092.42969,25241.93945,25241.93945,274940000
1928,2018/7/25,25183.69922,25432.86914,25113.55078,25414.09961,25414.09961,273670000
1929,2018/7/26,25468.55078,25587.24023,25463.16016,25527.07031,25527.07031,297530000
1930,2018/7/27,25520.51953,25580.2207,25370.07031,25451.06055,25451.06055,329680000
1931,2018/7/30,25439.32031,25500.16016,25287.38086,25306.83008,25306.83008,296880000
1932,2018/7/31,25345.21094,25490.98047,25345.21094,25415.18945,25415.18945,348700000
1933,2018/8/1,25461.63086,25488.80078,25278.32031,25333.82031,25333.82031,315880000
1934,2018/8/2,25256.44922,25360.48047,25120.07031,25326.16016,25326.16016,307700000
1935,2018/8/3,25360.36914,25467.90039,25325.16992,25462.58008,25462.58008,239020000
1936,2018/8/6,25437.42969,25540.01953,25381.38086,25502.17969,25502.17969,238990000
1937,2018/8/7,25551.65039,25692.7207,25551.65039,25628.91016,25628.91016,239910000
1938,2018/8/8,25615.7207,25634.10938,25557.48047,25583.75,25583.75,217770000
1939,2018/8/9,25589.78906,25613.31055,25492.68945,25509.23047,25509.23047,214970000
1940,2018/8/10,25401.18945,25401.18945,25222.88086,25313.14063,25313.14063,234480000
1941,2018/8/13,25327.18945,25381.39063,25153.92969,25187.69922,25187.69922,219990000
1942,2018/8/14,25215.68945,25339.50977,25201.86914,25299.91992,25299.91992,219210000
1943,2018/8/15,25235.36914,25235.36914,24965.76953,25162.41016,25162.41016,295810000
1944,2018/8/16,25294.9707,25607.33984,25294.9707,25558.73047,25558.73047,342430000
1945,2018/8/17,25550.80078,25728.16016,25521.66016,25669.32031,25669.32031,284160000
1946,2018/8/20,25727.69922,25790.16992,25716.41016,25758.68945,25758.68945,248570000
1947,2018/8/21,25786.99023,25888.82031,25784.90039,25822.28906,25822.28906,241620000
1948,2018/8/22,25825.06055,25836.16016,25722.42969,25733.59961,25733.59961,200480000
1949,2018/8/23,25714.85938,25762.56055,25608.01953,25656.98047,25656.98047,213270000
1950,2018/8/24,25688.58008,25826.05078,25688.58008,25790.34961,25790.34961,200330000
1951,2018/8/27,25882.71094,26067.57031,25882.71094,26049.64063,26049.64063,220510000
1952,2018/8/28,26092.69922,26122.24023,26037.84961,26064.01953,26064.01953,211470000
1953,2018/8/29,26082.5293,26167.93945,26035.30078,26124.57031,26124.57031,214960000
1954,2018/8/30,26099.00977,26104.36914,25934.80078,25986.91992,25986.91992,240440000
1955,2018/8/31,25964.84961,26028.83008,25879.76953,25964.82031,25964.82031,273440000
1956,2018/9/4,25916.07031,25971.76953,25805.94922,25952.48047,25952.48047,254600000
1957,2018/9/5,25919.83984,26011.2207,25871.03906,25974.99023,25974.99023,289210000
1958,2018/9/6,25973.01953,26073.67969,25880.83984,25995.86914,25995.86914,262380000
1959,2018/9/7,25951.01953,26002.99023,25818.39063,25916.53906,25916.53906,281350000
1960,2018/9/10,25991.91016,26039.96094,25854.13086,25857.07031,25857.07031,252170000
1961,2018/9/11,25841.14063,26019.91992,25754.32031,25971.06055,25971.06055,265960000
1962,2018/9/12,25989.07031,26145.7207,25929.42969,25998.91992,25998.91992,282770000
1963,2018/9/13,26083.93945,26191.64063,26067.08008,26145.99023,26145.99023,260800000
1964,2018/9/14,26169.56055,26211.10938,26068.28906,26154.66992,26154.66992,228640000
1965,2018/9/17,26151.66016,26184.4707,26030.34961,26062.11914,26062.11914,230230000
1966,2018/9/18,26076.21094,26317.33984,26076.21094,26246.96094,26246.96094,243000000
1967,2018/9/19,26287.83984,26464.41016,26280.75977,26405.75977,26405.75977,251330000
1968,2018/9/20,26519.39063,26697.49023,26519.39063,26656.98047,26656.98047,260480000
1969,2018/9/21,26726.25,26769.16016,26680.36914,26743.5,26743.5,657620000
1970,2018/9/24,26705.25,26709.93945,26548.67969,26562.05078,26562.05078,254850000
1971,2018/9/25,26601.58008,26634.84961,26475.58008,26492.21094,26492.21094,234110000
1972,2018/9/26,26536.85938,26606.08984,26349.33984,26385.2793,26385.2793,262620000
1973,2018/9/27,26418.26953,26557.00977,26379.94922,26439.92969,26439.92969,226350000
1974,2018/9/28,26407.66016,26515.75977,26383.57031,26458.31055,26458.31055,264030000
1975,2018/10/1,26598.35938,26737.98047,26596.05078,26651.21094,26651.21094,238320000
1976,2018/10/2,26648.91016,26824.7793,26627.66016,26773.93945,26773.93945,258290000
1977,2018/10/3,26833.4707,26951.81055,26789.08008,26828.39063,26828.39063,280130000
1978,2018/10/4,26784.08008,26793.82031,26471.60938,26627.48047,26627.48047,289600000
1979,2018/10/5,26632.76953,26676.16016,26301.81055,26447.05078,26447.05078,267100000
1980,2018/10/8,26399.44922,26529.34961,26223.08984,26486.7793,26486.7793,273020000
1981,2018/10/9,26469.18945,26539.93945,26324.16016,26430.57031,26430.57031,282560000
1982,2018/10/10,26441.73047,26487.86914,25567.09961,25598.74023,25598.74023,438200000
1983,2018/10/11,25518.39063,25683.64063,24899.76953,25052.83008,25052.83008,522880000
1984,2018/10/12,25407.63086,25467.55078,25000.83008,25339.99023,25339.99023,397510000
1985,2018/10/15,25332.46094,25482.41992,25243.88086,25250.55078,25250.55078,287320000
1986,2018/10/16,25351.5293,25817.67969,25351.5293,25798.41992,25798.41992,305800000
1987,2018/10/17,25705.86914,25810.08984,25479.16016,25706.67969,25706.67969,298210000
1988,2018/10/18,25645.56055,25691.46094,25236.00977,25379.44922,25379.44922,328020000
1989,2018/10/19,25421.08984,25608.71094,25350.01953,25444.33984,25444.33984,350810000
1990,2018/10/22,25492.14063,25561.33984,25236.05078,25317.41016,25317.41016,314940000
1991,2018/10/23,25038.46094,25307.69922,24768.78906,25191.42969,25191.42969,436430000
1992,2018/10/24,25172.88086,25306.23047,24533.18945,24583.41992,24583.41992,496400000
1993,2018/10/25,24736.53906,25104.28906,24645.56055,24984.55078,24984.55078,439670000
1994,2018/10/26,24770.25,24916.16016,24445.18945,24688.31055,24688.31055,505310000
1995,2018/10/29,24818.98047,25040.58008,24122.23047,24442.91992,24442.91992,443850000
1996,2018/10/30,24482.03906,24906.67969,24415.68945,24874.64063,24874.64063,470050000
1997,2018/10/31,25008.82031,25336.55078,25008.82031,25115.75977,25115.75977,448930000
1998,2018/11/1,25142.08008,25396.4707,25108.10938,25380.74023,25380.74023,383970000
1999,2018/11/2,25443.59961,25578.98047,25078.7207,25270.83008,25270.83008,429480000
2000,2018/11/5,25261.4707,25507.34961,25261.4707,25461.69922,25461.69922,334740000
2001,2018/11/6,25452.83008,25651.85938,25444.90039,25635.00977,25635.00977,265450000
2002,2018/11/7,25788.46094,26200.14063,25765.88086,26180.30078,26180.30078,361780000
2003,2018/11/8,26139.58984,26277.82031,26081.90039,26191.2207,26191.2207,295650000
2004,2018/11/9,26149.10938,26161.49023,25882.91016,25989.30078,25989.30078,324450000
2005,2018/11/12,25959.33008,25966.71094,25340.50977,25387.17969,25387.17969,346910000
2006,2018/11/13,25321.21094,25511.0293,25193.7793,25286.49023,25286.49023,339690000
2007,2018/11/14,25388.08008,25501.28906,24935.82031,25080.5,25080.5,384240000
2008,2018/11/15,25061.48047,25354.56055,24787.78906,25289.26953,25289.26953,392750000
2009,2018/11/16,25242.34961,25510.23047,25147.80078,25413.2207,25413.2207,354460000
2010,2018/11/19,25392.60938,25392.60938,24900.98047,25017.43945,25017.43945,358090000
2011,2018/11/20,24618.67969,24707.25977,24368.98047,24465.64063,24465.64063,445920000
2012,2018/11/21,24541.65039,24669.78906,24463.2793,24464.68945,24464.68945,289370000
2013,2018/11/23,24336.40039,24408.80078,24268.74023,24285.94922,24285.94922,155940000
2014,2018/11/26,24364.13086,24673.28906,24364.13086,24640.24023,24640.24023,306280000
2015,2018/11/27,24557.01953,24750.73047,24416.0293,24748.73047,24748.73047,308250000
2016,2018/11/28,24832.83984,25368.92969,24832.83984,25366.42969,25366.42969,362160000
2017,2018/11/29,25343.65039,25479.03906,25202.78906,25338.83984,25338.83984,305110000
2018,2018/11/30,25307.14063,25549.71094,25250.9707,25538.46094,25538.46094,482250000
2019,2018/12/3,25779.57031,25980.21094,25670.50977,25826.42969,25826.42969,388480000
2020,2018/12/4,25752.56055,25773.11914,25008.10938,25027.07031,25027.07031,418900000
2021,2018/12/6,24737.41992,24951.00977,24242.2207,24947.66992,24947.66992,471690000
2022,2018/12/7,24918.82031,25095.61914,24284.7793,24388.94922,24388.94922,398230000
2023,2018/12/10,24360.94922,24500.81055,23881.36914,24423.25977,24423.25977,389690000
2024,2018/12/11,24719.91016,24791.25977,24221.06055,24370.24023,24370.24023,342960000
2025,2018/12/12,24509.08984,24828.28906,24509.08984,24527.26953,24527.26953,344330000
2026,2018/12/13,24575.85938,24740.96094,24473.28906,24597.38086,24597.38086,299970000
2027,2018/12/14,24408.03906,24431.14063,24033.78906,24100.50977,24100.50977,416940000
2028,2018/12/17,23986.83008,24088.08008,23456.88086,23592.98047,23592.98047,466740000
2029,2018/12/18,23769.13086,23927.76953,23516.01953,23675.64063,23675.64063,408070000
2030,2018/12/19,23693.33008,24057.33984,23162.64063,23323.66016,23323.66016,503550000
2031,2018/12/20,23224.11914,23282.19922,22644.31055,22859.59961,22859.59961,576700000
2032,2018/12/21,22871.74023,23254.58984,22396.33984,22445.36914,22445.36914,900510000
2033,2018/12/24,22317.2793,22339.86914,21792.19922,21792.19922,21792.19922,308420000
2034,2018/12/26,21857.73047,22878.91992,21712.5293,22878.44922,22878.44922,433080000
2035,2018/12/27,22629.06055,23138.89063,22267.41992,23138.82031,23138.82031,407940000
2036,2018/12/28,23213.60938,23381.88086,22981.33008,23062.40039,23062.40039,336510000
2037,2018/12/31,23153.93945,23333.17969,23118.30078,23327.46094,23327.46094,288830000
2038,2019/1/2,23058.60938,23413.4707,22928.58984,23346.24023,23346.24023,321570000
2039,2019/1/3,23176.39063,23176.39063,22638.41016,22686.2207,22686.2207,424240000
2040,2019/1/4,22894.91992,23518.64063,22894.91992,23433.16016,23433.16016,396020000
2041,2019/1/7,23474.25977,23687.74023,23301.58984,23531.34961,23531.34961,334200000
2042,2019/1/8,23680.32031,23864.65039,23581.44922,23787.44922,23787.44922,317420000
2043,2019/1/9,23844.26953,24084.71094,23703.16016,23879.11914,23879.11914,324570000
2044,2019/1/10,23811.10938,24014.7793,23703.25,24001.91992,24001.91992,338150000
2045,2019/1/11,23940.00977,23996.32031,23798.16016,23995.94922,23995.94922,262650000
2046,2019/1/14,23880.5293,23964.90039,23765.24023,23909.83984,23909.83984,277560000
2047,2019/1/15,23914.10938,24099.14063,23887.92969,24065.58984,24065.58984,291570000
2048,2019/1/16,24139.91016,24288.60938,24119.7207,24207.16016,24207.16016,302830000
2049,2019/1/17,24147.08984,24474.46094,24088.90039,24370.09961,24370.09961,288590000
2050,2019/1/18,24534.18945,24750.2207,24459.0293,24706.34961,24706.34961,372970000
2051,2019/1/22,24607.75977,24607.75977,24244.31055,24404.48047,24404.48047,338480000
2052,2019/1/23,24577.25,24700.98047,24307.16992,24575.61914,24575.61914,318600000
2053,2019/1/24,24579.96094,24626.30078,24422.73047,24553.24023,24553.24023,320170000
2054,2019/1/25,24687.21094,24860.15039,24676.75,24737.19922,24737.19922,376890000
2055,2019/1/28,24596.98047,24596.98047,24323.93945,24528.2207,24528.2207,347170000
2056,2019/1/29,24519.61914,24674.86914,24504.03906,24579.96094,24579.96094,330870000
2057,2019/1/30,24826.51953,25109.61914,24790.90039,25014.85938,25014.85938,397330000
2058,2019/1/31,24954.48047,25049.61914,24842.08984,24999.66992,24999.66992,507350000
2059,2019/2/1,25025.31055,25193.15039,24982.49023,25063.89063,25063.89063,372090000
2060,2019/2/4,25062.11914,25239.91016,24977.66992,25239.36914,25239.36914,298540000
2061,2019/2/5,25287.92969,25427.32031,25287.65039,25411.51953,25411.51953,310650000
2062,2019/2/6,25371.57031,25439.03906,25312.06055,25390.30078,25390.30078,247590000
2063,2019/2/7,25265.81055,25314.25977,25000.51953,25169.5293,25169.5293,295460000
2064,2019/2/8,25042.35938,25106.39063,24883.03906,25106.33008,25106.33008,248210000
2065,2019/2/11,25142.81055,25196.75,25009.09961,25053.10938,25053.10938,241700000
2066,2019/2/12,25152.0293,25458.98047,25152.0293,25425.75977,25425.75977,278110000
2067,2019/2/13,25480.85938,25625.94922,25480.85938,25543.26953,25543.26953,263330000
2068,2019/2/14,25460.65039,25558.90039,25308.08984,25439.39063,25439.39063,313010000
2069,2019/2/15,25564.63086,25883.7207,25564.63086,25883.25,25883.25,328530000
2070,2019/2/19,25849.84961,25961.43945,25820.00977,25891.32031,25891.32031,280620000
2071,2019/2/20,25872.25977,25986.19922,25846.48047,25954.43945,25954.43945,287880000
2072,2019/2/21,25922.41016,25938.88086,25762.21094,25850.63086,25850.63086,255710000
2073,2019/2/22,25906.26953,26052.90039,25906.26953,26031.81055,26031.81055,279760000
2074,2019/2/25,26126.15039,26241.41992,26080.66016,26091.94922,26091.94922,281600000
2075,2019/2/26,26051.60938,26155.28906,25966.00977,26057.98047,26057.98047,257850000
2076,2019/2/27,25995.59961,26039.67969,25877.24023,25985.16016,25985.16016,255380000
2077,2019/2/28,25984.2793,26029.21094,25896.56055,25916.0,25916.0,338520000
2078,2019/3/1,26019.66992,26143.91992,25914.36914,26026.32031,26026.32031,289890000
2079,2019/3/4,26122.18945,26155.98047,25611.55078,25819.65039,25819.65039,295510000
2080,2019/3/5,25829.07031,25877.15039,25725.63086,25806.63086,25806.63086,252260000
2081,2019/3/6,25818.75977,25837.60938,25633.71094,25673.46094,25673.46094,256250000
2082,2019/3/7,25645.44922,25645.44922,25352.55078,25473.23047,25473.23047,289140000
2083,2019/3/8,25347.38086,25466.14063,25252.46094,25450.24023,25450.24023,270500000
2084,2019/3/11,25208.0,25661.63086,25208.0,25650.88086,25650.88086,309790000
2085,2019/3/12,25600.30078,25675.43945,25522.16992,25554.66016,25554.66016,317730000
2086,2019/3/13,25637.23047,25776.49023,25571.31055,25702.89063,25702.89063,331410000
2087,2019/3/14,25692.31055,25752.83984,25621.31055,25709.93945,25709.93945,302790000
2088,2019/3/15,25720.96094,25927.91016,25649.69922,25848.86914,25848.86914,616910000
2089,2019/3/18,25801.88086,25924.76953,25785.66016,25914.09961,25914.09961,399530000
2090,2019/3/19,25987.86914,26109.67969,25814.91992,25887.38086,25887.38086,342250000
2091,2019/3/20,25867.78906,25929.51953,25670.63086,25745.66992,25745.66992,321980000
2092,2019/3/21,25688.43945,26009.90039,25657.7793,25962.50977,25962.50977,335250000
2093,2019/3/22,25844.65039,25877.00977,25501.44922,25502.32031,25502.32031,386510000
2094,2019/3/25,25490.7207,25603.26953,25372.25977,25516.83008,25516.83008,303120000
2095,2019/3/26,25649.56055,25796.28906,25544.7793,25657.73047,25657.73047,305110000
2096,2019/3/27,25676.33984,25758.16992,25425.26953,25625.58984,25625.58984,270340000
2097,2019/3/28,25693.32031,25743.41016,25576.68945,25717.46094,25717.46094,237170000
2098,2019/3/29,25827.31055,25949.32031,25771.66992,25928.67969,25928.67969,300620000
2099,2019/4/1,26075.09961,26280.90039,26071.68945,26258.41992,26258.41992,295570000
2100,2019/4/2,26213.55078,26221.24023,26122.31055,26179.13086,26179.13086,250940000
2101,2019/4/3,26238.0293,26282.16992,26138.4707,26218.13086,26218.13086,271980000
2102,2019/4/4,26213.41992,26398.90039,26212.7793,26384.63086,26384.63086,233040000
2103,2019/4/5,26427.56055,26487.57031,26370.82031,26424.99023,26424.99023,229550000
2104,2019/4/8,26312.66992,26344.65039,26246.0293,26341.01953,26341.01953,229380000
2105,2019/4/9,26243.53906,26246.33984,26103.14063,26150.58008,26150.58008,244410000
2106,2019/4/10,26173.71094,26209.49023,26101.24023,26157.16016,26157.16016,203130000
2107,2019/4/11,26188.21094,26229.88086,26062.58984,26143.05078,26143.05078,211680000
2108,2019/4/12,26357.78906,26436.67969,26309.7207,26412.30078,26412.30078,369910000
2109,2019/4/15,26407.75977,26424.84961,26316.41992,26384.76953,26384.76953,250620000
2110,2019/4/16,26482.18945,26530.71094,26397.18945,26452.66016,26452.66016,302340000
2111,2019/4/17,26468.5293,26501.01953,26391.85938,26449.53906,26449.53906,367780000
2112,2019/4/18,26463.36914,26602.41992,26444.5293,26559.53906,26559.53906,332850000
2113,2019/4/22,26510.76953,26553.05078,26458.60938,26511.05078,26511.05078,232570000
2114,2019/4/23,26513.83008,26695.96094,26503.56055,26656.39063,26656.39063,311690000
2115,2019/4/24,26652.56055,26680.58008,26582.85938,26597.05078,26597.05078,283370000
2116,2019/4/25,26426.36914,26536.48047,26310.2793,26462.08008,26462.08008,296730000
2117,2019/4/26,26454.61914,26543.56055,26392.55078,26543.33008,26543.33008,317290000
2118,2019/4/29,26559.86914,26602.53906,26520.75,26554.39063,26554.39063,279450000
2119,2019/4/30,26594.56055,26614.03906,26419.4707,26592.91016,26592.91016,340320000
2120,2019/5/1,26639.06055,26689.39063,26426.38086,26430.14063,26430.14063,303850000
2121,2019/5/2,26407.15039,26454.68945,26180.35938,26307.78906,26307.78906,287610000
2122,2019/5/3,26379.14063,26534.96094,26370.08984,26504.94922,26504.94922,248900000
2123,2019/5/6,26160.61914,26476.26953,26033.94922,26438.48047,26438.48047,283020000
2124,2019/5/7,26276.90039,26276.90039,25789.71094,25965.08984,25965.08984,334960000
2125,2019/5/8,25933.78906,26118.09961,25889.41016,25967.33008,25967.33008,276420000
2126,2019/5/9,25878.84961,25884.89063,25517.39063,25828.35938,25828.35938,334760000
2127,2019/5/10,25763.7207,26019.32031,25469.85938,25942.36914,25942.36914,294580000
2128,2019/5/13,25568.06055,25568.06055,25222.50977,25324.99023,25324.99023,361240000
2129,2019/5/14,25384.0293,25688.96094,25384.0293,25532.05078,25532.05078,291570000
2130,2019/5/15,25400.13086,25724.89063,25341.93945,25648.01953,25648.01953,270720000
2131,2019/5/16,25692.14063,25957.63086,25692.14063,25862.67969,25862.67969,320960000
2132,2019/5/17,25719.94922,25948.74023,25657.7793,25764.0,25764.0,283760000
2133,2019/5/20,25655.31055,25751.71094,25560.55078,25679.90039,25679.90039,279560000
2134,2019/5/21,25782.33984,25898.26953,25779.60938,25877.33008,25877.33008,260870000
2135,2019/5/22,25818.46094,25878.21094,25755.10938,25776.60938,25776.60938,241760000
2136,2019/5/23,25657.99023,25657.99023,25328.08984,25490.4707,25490.4707,316940000
2137,2019/5/24,25551.07031,25670.81055,25496.19922,25585.68945,25585.68945,201370000
2138,2019/5/28,25616.55078,25717.63086,25342.2793,25347.76953,25347.76953,358980000
2139,2019/5/29,25231.46094,25231.46094,24938.24023,25126.41016,25126.41016,298930000
2140,2019/5/30,25139.93945,25218.53906,25066.75,25169.88086,25169.88086,215240000
2141,2019/5/31,25046.31055,25046.31055,24809.50977,24815.03906,24815.03906,292230000
2142,2019/6/3,24830.16016,24935.21094,24680.57031,24819.7793,24819.7793,328240000
2143,2019/6/4,24962.82031,25343.76953,24962.82031,25332.17969,25332.17969,281690000
2144,2019/6/5,25451.0,25544.66016,25373.58008,25539.57031,25539.57031,262660000
2145,2019/6/6,25567.44922,25800.30078,25518.05078,25720.66016,25720.66016,248070000
2146,2019/6/7,25768.7207,26072.75,25768.7207,25983.93945,25983.93945,263010000
2147,2019/6/10,26090.2207,26210.60938,26054.31055,26062.67969,26062.67969,249280000
2148,2019/6/11,26180.58984,26248.66992,25998.86914,26048.50977,26048.50977,253490000
2149,2019/6/12,26040.30078,26082.09961,25958.66016,26004.83008,26004.83008,223690000
2150,2019/6/13,26036.93945,26146.91016,25995.71094,26106.76953,26106.76953,213400000
2151,2019/6/14,26076.35938,26162.2793,25988.08984,26089.60938,26089.60938,208020000
2152,2019/6/17,26108.5293,26165.7793,26049.80078,26112.5293,26112.5293,199500000
2153,2019/6/18,26228.88086,26527.18945,26227.75977,26465.53906,26465.53906,273490000
2154,2019/6/19,26490.16016,26569.75,26415.05078,26504.0,26504.0,240950000
2155,2019/6/20,26665.38086,26798.63086,26539.68945,26753.16992,26753.16992,278170000
2156,2019/6/21,26749.11914,26907.36914,26705.86914,26719.13086,26719.13086,485560000
2157,2019/6/24,26727.60938,26806.51953,26723.36914,26727.53906,26727.53906,232390000
2158,2019/6/25,26731.60938,26752.31055,26527.66016,26548.2207,26548.2207,282160000
2159,2019/6/26,26599.41992,26660.03906,26536.33008,26536.82031,26536.82031,274340000
2160,2019/6/27,26523.7207,26607.24023,26465.32031,26526.58008,26526.58008,246930000
2161,2019/6/28,26605.92969,26638.34961,26522.26953,26599.96094,26599.96094,499350000
2162,2019/7/1,26805.85938,26890.64063,26616.21094,26717.42969,26717.42969,267670000
2163,2019/7/2,26719.5293,26787.56055,26632.65039,26786.67969,26786.67969,219270000
2164,2019/7/3,26832.32031,26966.0,26831.43945,26966.0,26966.0,149840000
2165,2019/7/5,26867.75,26950.81055,26733.33008,26922.11914,26922.11914,192170000
2166,2019/7/8,26835.64063,26839.14063,26744.86914,26806.14063,26806.14063,214290000
2167,2019/7/9,26725.11914,26807.69922,26665.57031,26783.49023,26783.49023,218330000
2168,2019/7/10,26851.960939999997,26983.44922,26813.10938,26860.19922,26860.19922,207990000
2169,2019/7/11,26950.160160000003,27088.44922,26916.320310000003,27088.08008,27088.08008,252300000
2170,2019/7/12,27139.49023,27333.789060000003,27135.44922,27332.0293,27332.0293,248390000
2171,2019/7/15,27364.68945,27364.68945,27294.16992,27359.160160000003,27359.160160000003,199730000
2172,2019/7/16,27349.320310000003,27398.679689999997,27290.24023,27335.63086,27335.63086,226000000
2173,2019/7/17,27320.910160000003,27343.06055,27218.38086,27219.84961,27219.84961,193930000
2174,2019/7/18,27191.98047,27266.81055,27068.789060000003,27222.9707,27222.9707,216070000
2175,2019/7/19,27246.38086,27342.960939999997,27145.7793,27154.19922,27154.19922,287690000
2176,2019/7/22,27174.179689999997,27227.76953,27088.90039,27171.90039,27171.90039,216310000
2177,2019/7/23,27231.85938,27368.81055,27204.58008,27349.18945,27349.18945,248850000
2178,2019/7/24,27262.24023,27291.039060000003,27191.11914,27269.9707,27269.9707,244320000
2179,2019/7/25,27247.39063,27298.429689999997,27062.48047,27140.98047,27140.98047,241420000
2180,2019/7/26,27166.0,27213.69922,27123.25,27192.44922,27192.44922,233650000
2181,2019/7/29,27192.24023,27275.84961,27178.06055,27221.34961,27221.34961,250850000
2182,2019/7/30,27145.39063,27224.35938,27069.85938,27198.01953,27198.01953,293250000
2183,2019/7/31,27244.66992,27281.65039,26719.59961,26864.26953,26864.26953,385150000
2184,2019/8/1,26879.85938,27175.589839999997,26548.71094,26583.41992,26583.41992,386320000
2185,2019/8/2,26528.66016,26570.01953,26249.2207,26485.00977,26485.00977,327640000
2186,2019/8/5,26259.23047,26259.23047,25523.38086,25717.74023,25717.74023,422240000
2187,2019/8/6,25810.61914,26038.67969,25710.86914,26029.51953,26029.51953,318160000
2188,2019/8/7,25814.2207,26073.21094,25440.39063,26007.07031,26007.07031,344790000
2189,2019/8/8,26086.51953,26383.60938,26038.09961,26378.18945,26378.18945,282530000
2190,2019/8/9,26337.08984,26413.35938,26097.64063,26287.43945,26287.43945,240260000
2191,2019/8/12,26169.91016,26178.94922,25824.93945,25896.43945,25896.43945,199390000
2192,2019/8/13,25888.88086,26426.9707,25833.25,26279.91016,26279.91016,308900000
2193,2019/8/14,26035.08008,26035.08008,25471.58984,25479.41992,25479.41992,352250000
2194,2019/8/15,25514.25,25639.68945,25339.59961,25579.39063,25579.39063,332600000
2195,2019/8/16,25678.16992,25929.65039,25678.16992,25886.00977,25886.00977,276210000
2196,2019/8/19,26020.06055,26222.32031,26020.06055,26135.78906,26135.78906,252640000
2197,2019/8/20,26086.85938,26160.11914,25952.0,25962.43945,25962.43945,238100000
2198,2019/8/21,26145.35938,26268.32031,26141.76953,26202.73047,26202.73047,208790000
2199,2019/8/22,26271.64063,26388.7793,26099.00977,26252.24023,26252.24023,222810000
2200,2019/8/23,26134.21094,26320.28906,25507.17969,25628.90039,25628.90039,364260000
2201,2019/8/26,25826.05078,25941.25,25716.39063,25898.83008,25898.83008,222780000
2202,2019/8/27,26014.46094,26054.01953,25721.84961,25777.90039,25777.90039,263530000
2203,2019/8/28,25712.99023,26041.57031,25637.42969,26036.09961,26036.09961,207070000
2204,2019/8/29,26249.08984,26408.83984,26185.71094,26362.25,26362.25,208650000
2205,2019/8/30,26476.39063,26514.61914,26295.58984,26403.2793,26403.2793,2190810000
2206,2019/9/3,26198.25977,26198.25977,25978.2207,26118.01953,26118.01953,223210000
2207,2019/9/4,26301.99023,26362.34961,26244.43945,26355.4707,26355.4707,202710000
2208,2019/9/5,26603.15039,26836.30078,26603.15039,26728.15039,26728.15039,256670000
2209,2019/9/6,26790.25,26860.86914,26708.39063,26797.46094,26797.46094,209700000
2210,2019/9/9,26866.23047,26900.83008,26762.17969,26835.50977,26835.50977,273120000
2211,2019/9/10,26805.83008,26909.429689999997,26717.05078,26909.429689999997,26909.429689999997,322340000
2212,2019/9/11,26928.05078,27137.039060000003,26885.48047,27137.039060000003,27137.039060000003,272590000
2213,2019/9/12,27197.320310000003,27306.73047,27105.00977,27182.44922,27182.44922,250010000
2214,2019/9/13,27216.66992,27277.55078,27193.94922,27219.51953,27219.51953,255260000
2215,2019/9/16,27146.06055,27172.86914,27032.56055,27076.820310000003,27076.820310000003,220620000
2216,2019/9/17,27010.11914,27110.80078,26984.14063,27110.80078,27110.80078,223580000
2217,2019/9/18,27075.39063,27161.929689999997,26899.15039,27147.08008,27147.08008,212860000
2218,2019/9/19,27186.05078,27272.16992,27064.210939999997,27094.789060000003,27094.789060000003,212360000
2219,2019/9/20,27102.179689999997,27194.75,26926.679689999997,26935.070310000003,26935.070310000003,497640000
2220,2019/9/23,26851.44922,27011.070310000003,26831.33984,26949.99023,26949.99023,204240000
2221,2019/9/24,27034.070310000003,27079.679689999997,26704.96094,26807.76953,26807.76953,301750000
2222,2019/9/25,26866.710939999997,27016.56055,26755.85938,26970.710939999997,26970.710939999997,237220000
2223,2019/9/26,27004.10938,27015.070310000003,26803.83984,26891.11914,26891.11914,229180000
2224,2019/9/27,26987.25977,27012.539060000003,26715.82031,26820.25,26820.25,217780000
2225,2019/9/30,26852.33008,26998.85938,26852.33008,26916.83008,26916.83008,222680000
2226,2019/10/1,26962.539060000003,27046.210939999997,26562.2207,26573.03906,26573.03906,260110000
2227,2019/10/2,26425.85938,26438.03906,25974.11914,26078.61914,26078.61914,309640000
2228,2019/10/3,26039.01953,26205.19922,25743.46094,26201.03906,26201.03906,241610000
2229,2019/10/4,26271.69922,26590.74023,26271.69922,26573.7207,26573.7207,221310000
2230,2019/10/7,26502.33008,26655.83984,26424.53906,26478.01953,26478.01953,195200000
2231,2019/10/8,26276.58984,26421.81055,26139.80078,26164.03906,26164.03906,244590000
2232,2019/10/9,26308.23047,26424.31055,26249.75,26346.00977,26346.00977,190060000
2233,2019/10/10,26317.34961,26603.31055,26314.50977,26496.66992,26496.66992,217680000
2234,2019/10/11,26694.19922,27013.9707,26694.19922,26816.58984,26816.58984,282080000
2235,2019/10/14,26766.42969,26874.33008,26749.17969,26787.35938,26787.35938,178620000
2236,2019/10/15,26811.19922,27120.10938,26811.19922,27024.80078,27024.80078,245510000
2237,2019/10/16,26972.31055,27058.339839999997,26943.289060000003,27001.98047,27001.98047,214660000
2238,2019/10/17,27032.38086,27112.160160000003,26970.289060000003,27025.88086,27025.88086,222540000
2239,2019/10/18,27004.49023,27018.25,26770.13086,26770.19922,26770.19922,288970000
2240,2019/10/21,26852.66992,26852.66992,26747.61914,26827.64063,26827.64063,241030000
2241,2019/10/22,26850.429689999997,26946.64063,26782.60938,26788.09961,26788.09961,265510000
2242,2019/10/23,26835.24023,26896.89063,26745.0,26833.94922,26833.94922,247680000
2243,2019/10/24,26893.929689999997,26931.7793,26714.33984,26805.5293,26805.5293,253590000
2244,2019/10/25,26789.60938,27015.36914,26765.67969,26958.06055,26958.06055,274610000
2245,2019/10/28,27040.33008,27167.88086,27028.710939999997,27090.7207,27090.7207,290770000
2246,2019/10/29,27061.070310000003,27165.93945,27039.75977,27071.460939999997,27071.460939999997,269610000
2247,2019/10/30,27110.710939999997,27204.35938,26999.64063,27186.68945,27186.68945,231750000
2248,2019/10/31,27188.36914,27188.36914,26918.289060000003,27046.23047,27046.23047,273830000
2249,2019/11/1,27142.94922,27347.429689999997,27142.94922,27347.35938,27347.35938,270870000
2250,2019/11/4,27402.06055,27517.58008,27402.06055,27462.10938,27462.10938,273030000
2251,2019/11/5,27500.23047,27560.35938,27453.55078,27492.63086,27492.63086,286350000
2252,2019/11/6,27502.74023,27526.05078,27407.81055,27492.56055,27492.56055,237910000
2253,2019/11/7,27590.160160000003,27774.66992,27590.160160000003,27674.80078,27674.80078,259020000
2254,2019/11/8,27686.19922,27694.94922,27578.9707,27681.24023,27681.24023,221440000
2255,2019/11/11,27580.660160000003,27714.39063,27517.66992,27691.49023,27691.49023,202350000
2256,2019/11/12,27701.589839999997,27770.85938,27635.320310000003,27691.49023,27691.49023,213670000
2257,2019/11/13,27622.039060000003,27806.40039,27587.19922,27783.589839999997,27783.589839999997,278390000
2258,2019/11/14,27757.19922,27800.710939999997,27676.9707,27781.960939999997,27781.960939999997,303970000
2259,2019/11/15,27843.539060000003,28004.89063,27843.539060000003,28004.89063,28004.89063,283720000
2260,2019/11/18,27993.2207,28040.9707,27969.24023,28036.2207,28036.2207,252320000
2261,2019/11/19,28079.75977,28090.210939999997,27894.51953,27934.01953,27934.01953,245890000
2262,2019/11/20,27879.55078,27897.2793,27675.2793,27821.089839999997,27821.089839999997,258140000
2263,2019/11/21,27820.2793,27828.33008,27708.339839999997,27766.289060000003,27766.289060000003,232020000
2264,2019/11/22,27831.23047,27898.460939999997,27773.98047,27875.61914,27875.61914,214780000
2265,2019/11/25,27917.76953,28068.68945,27917.76953,28066.4707,28066.4707,248420000
2266,2019/11/26,28080.75,28146.01953,28042.210939999997,28121.679689999997,28121.679689999997,324050000
2267,2019/11/27,28156.4707,28174.9707,28075.23047,28164.0,28164.0,198210000
2268,2019/11/29,28103.160160000003,28119.50977,28042.5293,28051.410160000003,28051.410160000003,120630000
2269,2019/12/2,28109.74023,28109.839839999997,27782.34961,27783.039060000003,27783.039060000003,236610000
2270,2019/12/3,27501.98047,27524.74023,27325.13086,27502.81055,27502.81055,275350000
2271,2019/12/4,27634.63086,27727.44922,27612.08008,27649.7793,27649.7793,218200000
2272,2019/12/5,27736.05078,27745.19922,27562.80078,27677.789060000003,27677.789060000003,208600000
2273,2019/12/6,27839.679689999997,28035.84961,27839.679689999997,28015.06055,28015.06055,223310000
2274,2019/12/9,27987.05078,28010.41992,27906.14063,27909.59961,27909.59961,217000000
2275,2019/12/10,27900.65039,27949.01953,27804.0,27881.7207,27881.7207,213250000
2276,2019/12/11,27867.31055,27925.5,27801.80078,27911.30078,27911.30078,213510000
2277,2019/12/12,27898.339839999997,28224.94922,27859.86914,28132.05078,28132.05078,277740000
2278,2019/12/13,28123.64063,28290.73047,28028.320310000003,28135.38086,28135.38086,250660000
2279,2019/12/16,28191.66992,28337.49023,28191.66992,28235.89063,28235.89063,286770000
2280,2019/12/17,28221.75,28328.63086,28220.56055,28267.160160000003,28267.160160000003,286770000
2281,2019/12/18,28291.43945,28323.25,28239.2793,28239.2793,28239.2793,289890000
2282,2019/12/19,28278.31055,28381.48047,28278.24023,28376.960939999997,28376.960939999997,262570000
2283,2019/12/20,28608.64063,28608.64063,28445.59961,28455.089839999997,28455.089839999997,603780000
2284,2019/12/23,28491.7793,28582.49023,28491.7793,28551.5293,28551.5293,223530000
2285,2019/12/24,28572.570310000003,28576.80078,28503.210939999997,28515.44922,28515.44922,86150000
2286,2019/12/26,28539.460939999997,28624.09961,28535.15039,28621.39063,28621.39063,155970000
2287,2019/12/27,28675.339839999997,28701.660160000003,28608.98047,28645.25977,28645.25977,182280000
2288,2019/12/30,28654.75977,28664.68945,28428.98047,28462.14063,28462.14063,181600000
2289,2019/12/31,28414.64063,28547.34961,28376.49023,28538.43945,28538.43945,193340000
2290,2020/1/2,28638.9707,28872.80078,28627.76953,28868.80078,28868.80078,251820000
2291,2020/1/3,28553.33008,28716.31055,28500.35938,28634.88086,28634.88086,239590000
2292,2020/1/6,28465.5,28708.01953,28418.63086,28703.38086,28703.38086,252760000
2293,2020/1/7,28639.179689999997,28685.5,28565.2793,28583.679689999997,28583.679689999997,258900000
2294,2020/1/8,28556.14063,28866.179689999997,28522.50977,28745.089839999997,28745.089839999997,291750000
2295,2020/1/9,28851.9707,28988.00977,28844.31055,28956.90039,28956.90039,275060000
2296,2020/1/10,28977.51953,29009.070310000003,28789.09961,28823.76953,28823.76953,237830000
2297,2020/1/13,28869.00977,28909.910160000003,28819.429689999997,28907.05078,28907.05078,249830000
2298,2020/1/14,28895.5,29054.160160000003,28872.26953,28939.66992,28939.66992,287440000
2299,2020/1/15,28901.80078,29127.589839999997,28897.34961,29030.2207,29030.2207,260270000
2300,2020/1/16,29131.94922,29300.320310000003,29131.94922,29297.64063,29297.64063,252110000
2301,2020/1/17,29313.31055,29373.61914,29289.910160000003,29348.09961,29348.09961,321820000
2302,2020/1/21,29269.05078,29341.210939999997,29146.4707,29196.039060000003,29196.039060000003,320640000
2303,2020/1/22,29263.63086,29320.19922,29172.25977,29186.26953,29186.26953,283440000
2304,2020/1/23,29111.01953,29190.4707,28966.98047,29160.089839999997,29160.089839999997,307060000
2305,2020/1/24,29230.39063,29288.789060000003,28843.31055,28989.73047,28989.73047,380010000
2306,2020/1/27,28542.49023,28671.789060000003,28440.4707,28535.80078,28535.80078,337270000
2307,2020/1/28,28594.2793,28823.23047,28575.75,28722.84961,28722.84961,330140000
2308,2020/1/29,28820.5293,28944.24023,28728.18945,28734.44922,28734.44922,302290000
2309,2020/1/30,28640.160160000003,28879.710939999997,28489.75977,28859.43945,28859.43945,326850000
2310,2020/1/31,28813.039060000003,28813.039060000003,28169.5293,28256.0293,28256.0293,403890000
2311,2020/2/3,28319.65039,28630.39063,28319.65039,28399.81055,28399.81055,307910000
2312,2020/2/4,28696.74023,28904.88086,28696.74023,28807.63086,28807.63086,332750000
2313,2020/2/5,29048.73047,29308.89063,29000.84961,29290.84961,29290.84961,357540000
2314,2020/2/6,29388.58008,29408.05078,29246.929689999997,29379.76953,29379.76953,263700000
2315,2020/2/7,29286.91992,29286.91992,29056.98047,29102.50977,29102.50977,252860000
2316,2020/2/10,28995.660160000003,29278.070310000003,28995.660160000003,29276.820310000003,29276.820310000003,250510000
2317,2020/2/11,29390.710939999997,29415.39063,29210.4707,29276.339839999997,29276.339839999997,279540000
2318,2020/2/12,29406.75,29568.570310000003,29406.75,29551.41992,29551.41992,309530000
2319,2020/2/13,29436.0293,29535.40039,29345.929689999997,29423.31055,29423.31055,291150000
2320,2020/2/14,29440.4707,29463.039060000003,29283.179689999997,29398.08008,29398.08008,231000000
2321,2020/2/18,29282.7793,29330.160160000003,29116.81055,29232.18945,29232.18945,256600000
2322,2020/2/19,29312.69922,29409.089839999997,29274.38086,29348.0293,29348.0293,240640000
2323,2020/2/20,29296.25,29368.44922,28959.65039,29219.98047,29219.98047,287780000
2324,2020/2/21,29146.5293,29146.5293,28892.69922,28992.410160000003,28992.410160000003,311210000
2325,2020/2/24,28402.929689999997,28402.929689999997,27912.43945,27960.80078,27960.80078,452580000
2326,2020/2/25,28037.65039,28149.19922,26997.61914,27081.35938,27081.35938,513270000
2327,2020/2/26,27159.460939999997,27542.7793,26890.9707,26957.589839999997,26957.589839999997,472450000
2328,2020/2/27,26526.0,26775.31055,25752.82031,25766.64063,25766.64063,664980000
2329,2020/2/28,25270.83008,25494.24023,24681.00977,25409.35938,25409.35938,915990000
2330,2020/3/2,25590.50977,26706.16992,25391.96094,26703.32031,26703.32031,637200000
2331,2020/3/3,26762.4707,27084.589839999997,25706.2793,25917.41016,25917.41016,647080000
2332,2020/3/4,26383.67969,27102.339839999997,26286.31055,27090.85938,27090.85938,457590000
2333,2020/3/5,26671.91992,26671.91992,25943.33008,26121.2793,26121.2793,477370000
2334,2020/3/6,25457.21094,25994.38086,25226.61914,25864.7793,25864.7793,599780000
2335,2020/3/9,24992.35938,24992.35938,23706.07031,23851.01953,23851.01953,750430000
2336,2020/3/10,24453.0,25020.99023,23690.33984,25018.16016,25018.16016,654860000
2337,2020/3/11,24604.63086,24604.63086,23328.32031,23553.2207,23553.2207,663960000
2338,2020/3/12,22184.71094,22837.94922,21154.46094,21200.61914,21200.61914,908260000
2339,2020/3/13,21973.82031,23189.75977,21285.36914,23185.61914,23185.61914,843080000
2340,2020/3/16,20917.5293,21768.2793,20116.46094,20188.51953,20188.51953,770130000
2341,2020/3/17,20487.05078,21379.34961,19882.25977,21237.38086,21237.38086,793060000
2342,2020/3/18,20188.68945,20489.33008,18917.46094,19898.91992,19898.91992,871360000
2343,2020/3/19,19830.00977,20442.63086,19177.13086,20087.18945,20087.18945,780300000
2344,2020/3/20,20253.15039,20531.25977,19094.26953,19173.98047,19173.98047,872290000
2345,2020/3/23,19028.35938,19121.00977,18213.65039,18591.92969,18591.92969,787970000
2346,2020/3/24,19722.18945,20737.69922,19649.25,20704.91016,20704.91016,799340000
2347,2020/3/25,21050.33984,22019.92969,20538.33984,21200.55078,21200.55078,796320000
2348,2020/3/26,21468.38086,22595.06055,21427.09961,22552.16992,22552.16992,705180000
2349,2020/3/27,21898.4707,22327.57031,21469.26953,21636.7793,21636.7793,588830000
2350,2020/3/30,21678.2207,22378.08984,21522.08008,22327.48047,22327.48047,545540000
2351,2020/3/31,22208.41992,22480.36914,21852.08008,21917.16016,21917.16016,571210000
2352,2020/4/1,21227.38086,21487.24023,20784.42969,20943.50977,20943.50977,506680000
2353,2020/4/2,20819.46094,21477.76953,20735.01953,21413.43945,21413.43945,529540000
2354,2020/4/3,21285.92969,21447.81055,20863.08984,21052.5293,21052.5293,450010000
2355,2020/4/6,21693.63086,22783.44922,21693.63086,22679.99023,22679.99023,610760000
2356,2020/4/7,23537.43945,23617.24023,22634.44922,22653.85938,22653.85938,594660000
2357,2020/4/8,22893.4707,23513.40039,22682.99023,23433.57031,23433.57031,472740000
2358,2020/4/9,23690.66016,24008.99023,23504.08984,23719.36914,23719.36914,566400000
2359,2020/4/13,23698.92969,23698.92969,23095.34961,23390.76953,23390.76953,394320000
2360,2020/4/14,23690.57031,24040.58008,23683.43945,23949.75977,23949.75977,485910000
2361,2020/4/15,23600.7207,23649.7207,23233.32031,23504.34961,23504.34961,437630000
2362,2020/4/16,23543.66016,23598.08008,23211.38086,23537.67969,23537.67969,471050000
2363,2020/4/17,23817.15039,24264.21094,23817.15039,24242.49023,24242.49023,525950000
2364,2020/4/20,24095.09961,24108.68945,23627.18945,23650.43945,23650.43945,423410000
2365,2020/4/21,23365.25,23365.25,22941.88086,23018.88086,23018.88086,485140000
2366,2020/4/22,23437.33984,23613.09961,23339.59961,23475.82031,23475.82031,352880000
2367,2020/4/23,23543.08984,23885.35938,23483.34961,23515.25977,23515.25977,389290000
2368,2020/4/24,23628.24023,23826.0,23417.67969,23775.26953,23775.26953,376020000
2369,2020/4/27,23866.15039,24207.65039,23840.60938,24133.7793,24133.7793,389390000
2370,2020/4/28,24357.16992,24512.24023,24031.19922,24101.55078,24101.55078,400250000
2371,2020/4/29,24490.36914,24764.76953,24453.99023,24633.85938,24633.85938,455290000
2372,2020/4/30,24585.57031,24585.57031,24186.90039,24345.7207,24345.7207,487840000
2373,2020/5/1,24120.7793,24120.7793,23645.30078,23723.68945,23723.68945,418160000
2374,2020/5/4,23581.55078,23769.56055,23361.16016,23749.75977,23749.75977,355360000
2375,2020/5/5,23958.88086,24169.7207,23868.91016,23883.08984,23883.08984,369710000
2376,2020/5/6,23978.88086,24054.58984,23661.14063,23664.64063,23664.64063,377450000
2377,2020/5/7,23837.21094,24094.61914,23834.39063,23875.89063,23875.89063,369890000
2378,2020/5/8,24107.82031,24349.90039,24107.05078,24331.32031,24331.32031,335760000
2379,2020/5/11,24256.44922,24366.21094,24070.2207,24221.99023,24221.99023,352400000
2380,2020/5/12,24292.83984,24382.08984,23761.58008,23764.7793,23764.7793,359480000
2381,2020/5/13,23702.16016,23708.90039,23067.64063,23247.9707,23247.9707,469950000
2382,2020/5/14,23049.06055,23630.85938,22789.61914,23625.33984,23625.33984,472700000
2383,2020/5/15,23454.83008,23730.08008,23354.15039,23685.41992,23685.41992,491510000
2384,2020/5/18,24059.98047,24708.53906,24059.98047,24597.36914,24597.36914,484190000
2385,2020/5/19,24577.48047,24599.5,24202.96094,24206.85938,24206.85938,374100000
2386,2020/5/20,24455.93945,24649.48047,24455.93945,24575.90039,24575.90039,366510000
2387,2020/5/21,24564.26953,24718.46094,24370.88086,24474.11914,24474.11914,346770000
2388,2020/5/22,24461.98047,24481.64063,24294.07031,24465.16016,24465.16016,255660000
2389,2020/5/26,24781.83984,25176.41992,24781.83984,24995.10938,24995.10938,424380000
2390,2020/5/27,25298.63086,25551.56055,25009.86914,25548.26953,25548.26953,411230000
2391,2020/5/28,25697.35938,25758.78906,25358.73047,25400.64063,25400.64063,377800000
2392,2020/5/29,25324.15039,25482.80078,25031.66992,25383.10938,25383.10938,527620000
2393,2020/6/1,25342.99023,25508.83008,25220.66016,25475.01953,25475.01953,338310000
2394,2020/6/2,25582.51953,25743.13086,25523.74023,25742.65039,25742.65039,352610000
2395,2020/6/3,25906.88086,26337.75,25906.88086,26269.89063,26269.89063,398790000
2396,2020/6/4,26226.49023,26384.09961,26082.31055,26281.82031,26281.82031,372190000
2397,2020/6/5,26836.80078,27338.30078,26836.80078,27110.98047,27110.98047,542310000
2398,2020/6/8,27232.929689999997,27580.210939999997,27232.48047,27572.43945,27572.43945,430200000
2399,2020/6/9,27447.36914,27447.36914,27151.06055,27272.30078,27272.30078,381430000
2400,2020/6/10,27251.89063,27355.2207,26938.05078,26989.99023,26989.99023,448930000
2401,2020/6/11,26282.50977,26294.08008,25082.7207,25128.16992,25128.16992,647780000
2402,2020/6/12,25659.41992,25965.55078,25078.41016,25605.53906,25605.53906,514440000
2403,2020/6/15,25270.39063,25891.58008,24843.17969,25763.16016,25763.16016,461230000
2404,2020/6/16,26326.67969,26611.0293,25811.69922,26289.98047,26289.98047,489500000
2405,2020/6/17,26330.51953,26400.07031,26068.41016,26119.60938,26119.60938,328830000
2406,2020/6/18,26016.44922,26154.19922,25848.5293,26080.09961,26080.09961,328390000
2407,2020/6/19,26213.09961,26451.43945,25759.66016,25871.46094,25871.46094,669390000
2408,2020/6/22,25865.08008,26059.81055,25667.67969,26024.96094,26024.96094,351780000
2409,2020/6/23,26159.39063,26314.9707,26105.9707,26156.09961,26156.09961,389980000
2410,2020/6/24,25992.96094,25992.96094,25296.73047,25445.93945,25445.93945,450120000
2411,2020/6/25,25365.2207,25769.60938,25209.78906,25745.59961,25745.59961,384560000
2412,2020/6/26,25641.68945,25641.68945,24971.0293,25015.55078,25015.55078,640860000
2413,2020/6/29,25152.44922,25601.15039,25096.16016,25595.80078,25595.80078,378070000
2414,2020/6/30,25512.42969,25905.38086,25475.14063,25812.88086,25812.88086,410780000
2415,2020/7/1,25879.38086,26019.31055,25713.60938,25734.9707,25734.9707,373180000
2416,2020/7/2,25936.44922,26204.41016,25778.11914,25827.35938,25827.35938,349130000
2417,2020/7/6,25996.08008,26297.5293,25996.08008,26287.0293,26287.0293,340690000
2418,2020/7/7,26172.00977,26174.92969,25866.58008,25890.17969,25890.17969,346820000
2419,2020/7/8,25950.06055,26109.49023,25816.25,26067.2793,26067.2793,337300000
2420,2020/7/9,26094.91992,26103.2793,25523.50977,25706.08984,25706.08984,387610000
2421,2020/7/10,25690.34961,26101.32031,25637.5,26075.30078,26075.30078,338170000
2422,2020/7/13,26225.07031,26639.08984,26044.23047,26085.80078,26085.80078,425320000
2423,2020/7/14,26044.16992,26690.51953,25994.98047,26642.58984,26642.58984,401640000
2424,2020/7/15,27009.81055,27071.33008,26692.48047,26870.09961,26870.09961,384900000
2425,2020/7/16,26746.57031,26879.160160000003,26590.00977,26734.71094,26734.71094,287330000
2426,2020/7/17,26774.61914,26808.42969,26619.88086,26671.94922,26671.94922,296460000
2427,2020/7/20,26660.28906,26765.01953,26504.19922,26680.86914,26680.86914,309390000
2428,2020/7/21,26833.14063,27025.38086,26766.2207,26840.40039,26840.40039,364930000
2429,2020/7/22,26824.56055,27035.24023,26794.18945,27005.839839999997,27005.839839999997,404340000
2430,2020/7/23,26955.9707,26973.84961,26560.03906,26652.33008,26652.33008,419800000
2431,2020/7/24,26533.41016,26625.69922,26402.85938,26469.89063,26469.89063,494170000
2432,2020/7/27,26447.66992,26625.46094,26426.91992,26584.76953,26584.76953,389810000
2433,2020/7/28,26529.44922,26556.83984,26361.71094,26379.2793,26379.2793,361090000
2434,2020/7/29,26388.43945,26602.44922,26375.39063,26539.57031,26539.57031,347580000
2435,2020/7/30,26367.41992,26374.92969,25992.2793,26313.65039,26313.65039,351540000
2436,2020/7/31,26409.33008,26440.01953,26013.58984,26428.32031,26428.32031,488050000
2437,2020/8/3,26542.32031,26707.25977,26534.38086,26664.40039,26664.40039,439380000
2438,2020/8/4,26664.60938,26832.7207,26597.82031,26828.4707,26828.4707,346350000
2439,2020/8/5,26924.7793,27221.66992,26924.7793,27201.51953,27201.51953,366000000
2440,2020/8/6,27170.820310000003,27394.09961,27145.25,27386.98047,27386.98047,322460000
2441,2020/8/7,27321.679689999997,27456.24023,27223.55078,27433.48047,27433.48047,321170000
2442,2020/8/10,27488.210939999997,27803.85938,27488.210939999997,27791.43945,27791.43945,360340000
2443,2020/8/11,27961.64063,28154.88086,27624.50977,27686.910160000003,27686.910160000003,428220000
2444,2020/8/12,27860.24023,28043.89063,27843.320310000003,27976.839839999997,27976.839839999997,340210000
2445,2020/8/13,27922.50977,27986.09961,27789.7793,27896.7207,27896.7207,360160000
2446,2020/8/14,27828.929689999997,27977.81055,27759.39063,27931.01953,27931.01953,275540000
2447,2020/8/17,27970.05078,27999.81055,27816.40039,27844.910160000003,27844.910160000003,286860000
2448,2020/8/18,27853.48047,27891.11914,27668.789060000003,27778.070310000003,27778.070310000003,276170000
2449,2020/8/19,27811.25977,27920.41992,27647.66992,27692.88086,27692.88086,311460000
2450,2020/8/20,27622.679689999997,27781.460939999997,27526.25,27739.73047,27739.73047,304550000
2451,2020/8/21,27758.13086,27959.48047,27686.7793,27930.33008,27930.33008,372720000
2452,2020/8/24,28077.58008,28314.93945,28041.75,28308.460939999997,28308.460939999997,383880000
2453,2020/8/25,28347.41992,28400.74023,28094.570310000003,28248.43945,28248.43945,338420000
2454,2020/8/26,28257.88086,28353.80078,28153.910160000003,28331.91992,28331.91992,327070000
2455,2020/8/27,28384.070310000003,28634.2207,28363.929689999997,28492.26953,28492.26953,404340000
2456,2020/8/28,28601.289060000003,28733.34961,28487.98047,28653.86914,28653.86914,369740000
2457,2020/8/31,28643.660160000003,28643.660160000003,28363.55078,28430.05078,28430.05078,517320000
2458,2020/9/1,28439.60938,28659.25977,28290.7207,28645.660160000003,28645.660160000003,423410000
2459,2020/9/2,28736.789060000003,29162.88086,28713.5293,29100.5,29100.5,539510000
2460,2020/9/3,29090.69922,29199.34961,28074.75977,28292.73047,28292.73047,650080000
2461,2020/9/4,28341.05078,28539.75,27664.679689999997,28133.31055,28133.31055,694640000
2462,2020/9/8,27925.23047,27925.23047,27464.90039,27500.89063,27500.89063,580860000
2463,2020/9/9,27711.710939999997,28206.210939999997,27704.539060000003,27940.4707,27940.4707,460590000
2464,2020/9/10,28022.50977,28174.7793,27447.08008,27534.58008,27534.58008,442850000
2465,2020/9/11,27613.85938,27828.820310000003,27448.15039,27665.64063,27665.64063,435330000
2466,2020/9/14,27718.74023,28086.06055,27718.74023,27993.33008,27993.33008,380750000
2467,2020/9/15,28139.75977,28231.06055,27931.44922,27995.59961,27995.59961,414520000
2468,2020/9/16,28031.68945,28364.76953,28021.66992,28032.38086,28032.38086,416650000
2469,2020/9/17,27834.179689999997,28056.789060000003,27647.929689999997,27901.98047,27901.98047,437230000
2470,2020/9/18,27864.86914,27946.68945,27487.9707,27657.41992,27657.41992,698710000
2471,2020/9/21,27484.710939999997,27484.710939999997,26715.15039,27147.69922,27147.69922,523660000
2472,2020/9/22,27170.339839999997,27333.089839999997,26989.929689999997,27288.179689999997,27288.179689999997,420720000
2473,2020/9/23,27413.59961,27464.460939999997,26716.11914,26763.13086,26763.13086,459470000
2474,2020/9/24,26716.08984,27094.84961,26537.00977,26815.43945,26815.43945,447810000
2475,2020/9/25,26694.50977,27239.289060000003,26635.38086,27173.960939999997,27173.960939999997,388900000
2476,2020/9/28,27362.14063,27722.59961,27362.14063,27584.06055,27584.06055,401860000
2477,2020/9/29,27560.24023,27605.59961,27338.089839999997,27452.660160000003,27452.660160000003,303820000
2478,2020/9/30,27514.64063,28026.33008,27511.06055,27781.69922,27781.69922,452550000
2479,2020/10/1,27940.63086,28041.460939999997,27669.25977,27816.90039,27816.90039,373450000
2480,2020/10/2,27536.39063,27861.429689999997,27382.93945,27682.81055,27682.81055,392770000
2481,2020/10/5,27825.41992,28162.64063,27825.41992,28148.64063,28148.64063,318210000
2482,2020/10/6,28214.24023,28354.48047,27728.0293,27772.75977,27772.75977,435030000
2483,2020/10/7,27971.35938,28369.660160000003,27971.35938,28303.460939999997,28303.460939999997,328750000
2484,2020/10/8,28348.85938,28459.13086,28265.56055,28425.50977,28425.50977,314750000
2485,2020/10/9,28533.60938,28676.289060000003,28440.63086,28586.90039,28586.90039,324050000
2486,2020/10/12,28671.11914,28957.90039,28659.66992,28837.51953,28837.51953,493680000
2487,2020/10/13,28764.94922,28808.839839999997,28604.34961,28679.81055,28679.81055,526110000
2488,2020/10/14,28731.30078,28792.56055,28461.73047,28514.0,28514.0,370800000
2489,2020/10/15,28323.40039,28535.84961,28181.539060000003,28494.19922,28494.19922,328940000
2490,2020/10/16,28570.7207,28842.90039,28570.7207,28606.31055,28606.31055,356140000
2491,2020/10/19,28633.55078,28711.929689999997,28139.40039,28195.41992,28195.41992,358700000
2492,2020/10/20,28245.84961,28575.0293,28243.039060000003,28308.789060000003,28308.789060000003,350220000
2493,2020/10/21,28270.660160000003,28450.64063,28196.39063,28210.820310000003,28210.820310000003,299420000
2494,2020/10/22,28197.41992,28421.31055,28040.179689999997,28363.660160000003,28363.660160000003,330320000
2495,2020/10/23,28409.65039,28436.51953,28149.820310000003,28335.570310000003,28335.570310000003,347300000
2496,2020/10/26,28185.820310000003,28185.820310000003,27370.160160000003,27685.38086,27685.38086,404150000
2497,2020/10/27,27651.179689999997,27707.68945,27457.960939999997,27463.18945,27463.18945,366400000
2498,2020/10/28,27102.14063,27102.14063,26497.39063,26519.94922,26519.94922,496150000
2499,2020/10/29,26480.98047,26891.89063,26290.7793,26659.10938,26659.10938,419770000
2500,2020/10/30,26572.26953,26639.17969,26143.76953,26501.59961,26501.59961,504820000
2501,2020/11/2,26691.2793,27043.48047,26691.2793,26925.05078,26925.05078,379990000
2502,2020/11/3,27138.68945,27640.210939999997,27138.68945,27480.0293,27480.0293,350980000
2503,2020/11/4,27512.83008,28301.5,27512.83008,27847.660160000003,27847.660160000003,447860000
2504,2020/11/5,28083.36914,28495.05078,28083.36914,28390.179689999997,28390.179689999997,390140000
2505,2020/11/6,28399.13086,28431.960939999997,28189.5,28323.40039,28323.40039,326710000
2506,2020/11/9,29467.90039,29933.83008,29130.660160000003,29157.9707,29157.9707,673310000
2507,2020/11/10,29254.16992,29478.85938,29126.99023,29420.91992,29420.91992,526980000
2508,2020/11/11,29524.34961,29593.10938,29281.2207,29397.63086,29397.63086,376700000
2509,2020/11/12,29231.910160000003,29311.83008,28902.13086,29080.16992,29080.16992,369320000
2510,2020/11/13,29203.90039,29559.25,29203.90039,29479.81055,29479.81055,348810000
2511,2020/11/16,29672.35938,29964.289060000003,29672.35938,29950.43945,29950.43945,418290000
2512,2020/11/17,29800.15039,29872.41992,29520.289060000003,29783.34961,29783.34961,372380000
2513,2020/11/18,29875.40039,29930.84961,29432.839839999997,29438.41992,29438.41992,382850000
2514,2020/11/19,29370.91992,29524.90039,29228.38086,29483.23047,29483.23047,331330000
2515,2020/11/20,29437.570310000003,29469.89063,29231.19922,29263.48047,29263.48047,305350000
2516,2020/11/23,29332.820310000003,29667.75,29332.820310000003,29591.26953,29591.26953,387200000
