,Date,Open,High,Low,Close,Adj Close,Volume
0,2010-11-24,731.5,747.5,724.0,742.5,610.1190799999999,2129335.0
1,2010-11-25,746.0,752.5,742.0,751.0,617.1036379999999,1103875.0
2,2010-11-26,747.0,755.5,745.0,751.0,617.1036379999999,1139415.0
3,2010-11-29,754.5,755.0,743.5,744.0,611.351624,2230155.0
4,2010-11-30,745.0,748.0,734.0,734.5,603.545532,3573153.0
5,2010-12-01,739.0,752.0,733.5,751.5,617.5145259999999,2992848.0
6,2010-12-02,754.0,790.0,752.5,789.0,648.328491,3242884.0
7,2010-12-03,789.5,801.5,784.5,785.0,645.0417480000001,1991394.0
8,2010-12-06,784.0,790.0,782.5,782.5,642.987488,1362713.0
9,2010-12-07,788.5,793.0,782.0,786.0,645.863464,1416779.0
10,2010-12-08,782.5,786.5,781.0,783.5,643.809204,1263387.0
11,2010-12-09,787.5,787.5,774.0,775.0,636.824585,1275490.0
12,2010-12-10,779.0,788.0,774.0,776.5,638.05719,1589481.0
13,2010-12-13,776.5,787.0,776.5,785.0,645.0417480000001,1337446.0
14,2010-12-14,787.0,791.5,783.0,791.5,650.3828129999999,1026527.0
15,2010-12-15,789.5,816.5,787.5,812.5,667.6387940000001,3221656.0
16,2010-12-16,815.0,819.0,804.0,807.5,663.530212,2539918.0
17,2010-12-17,812.0,821.0,807.0,813.5,668.460327,2294050.0
18,2010-12-20,816.5,819.5,810.5,813.0,668.049622,1305015.0
19,2010-12-21,816.0,818.0,810.5,813.0,668.049622,1157859.0
20,2010-12-22,813.5,815.0,807.0,812.5,667.6387940000001,1731211.0
21,2010-12-23,817.0,819.0,809.0,819.0,672.979736,1126831.0
22,2010-12-24,813.0,815.0,810.5,815.0,669.693054,131264.0
23,2010-12-29,815.0,820.0,804.0,807.0,667.891296,1038284.0
24,2010-12-30,806.0,808.0,795.0,802.5,664.1669919999999,863201.0
25,2010-12-31,803.0,807.5,791.5,798.0,660.442688,554519.0
26,2011-01-04,795.0,802.5,782.0,800.0,662.097839,2175573.0
27,2011-01-05,800.0,800.0,792.5,795.0,657.959717,1747608.0
28,2011-01-06,796.0,796.0,784.0,784.5,649.2696530000001,1669747.0
29,2011-01-07,782.5,785.0,772.0,775.5,641.821106,2482275.0
30,2011-01-10,777.0,780.5,770.5,774.0,640.57959,1453234.0
31,2011-01-11,775.0,796.0,775.0,786.5,650.92511,2904306.0
32,2011-01-12,788.0,790.0,776.5,780.5,645.959351,1954485.0
33,2011-01-13,779.0,782.0,770.0,775.5,641.821106,1466869.0
34,2011-01-14,776.5,783.0,767.0,775.0,641.4074099999999,2067931.0
35,2011-01-17,776.0,780.0,770.5,775.5,641.821106,1209413.0
36,2011-01-18,775.5,780.0,751.5,779.0,644.7177730000001,2629325.0
37,2011-01-19,780.0,782.0,770.0,773.5,640.166077,1843079.0
38,2011-01-20,772.5,776.0,747.5,757.5,626.92395,2465291.0
39,2011-01-21,763.0,765.0,752.0,761.5,630.2344969999999,1942704.0
40,2011-01-24,762.0,780.5,759.5,774.0,640.57959,1940488.0
41,2011-01-25,775.0,778.0,767.0,773.0,639.7521360000001,1696190.0
42,2011-01-26,777.0,790.0,775.5,782.5,647.614441,2472097.0
43,2011-01-27,784.5,786.5,770.0,780.0,645.545471,2168063.0
44,2011-01-28,777.5,780.5,771.5,775.0,641.4074099999999,1911145.0
45,2011-01-31,771.0,776.5,760.0,775.0,641.4074099999999,1963892.0
46,2011-02-01,777.5,784.5,775.0,782.0,647.200806,1351880.0
47,2011-02-02,781.5,791.0,769.0,778.0,643.890259,1989803.0
48,2011-02-03,778.0,781.0,766.0,774.5,640.993591,2816133.0
49,2011-02-04,779.0,784.5,777.5,781.5,646.7869870000001,1824489.0
50,2011-02-07,780.5,796.5,780.5,790.5,654.2355349999999,2286244.0
51,2011-02-08,790.0,795.0,786.5,791.5,655.063171,1592037.0
52,2011-02-09,793.5,800.5,792.5,798.0,660.442688,1728868.0
53,2011-02-10,798.5,810.0,790.0,796.5,659.2012940000001,1996792.0
54,2011-02-11,800.0,805.5,791.5,803.5,664.994629,1221452.0
55,2011-02-14,801.5,810.5,795.942993,800.0,662.097839,3311280.0
56,2011-02-15,803.0,804.0,796.0,797.0,659.615173,1868185.0
57,2011-02-16,801.0,801.0,793.0,796.5,659.2012940000001,1507913.0
58,2011-02-17,795.0,798.0,782.0,785.5,650.097351,1484445.0
59,2011-02-18,784.0,788.0,779.0,787.0,651.3388669999999,2475316.0
60,2011-02-21,789.0,789.0,772.0,772.0,638.924561,1123568.0
61,2011-02-22,772.0,775.5,754.5,771.5,638.510803,3351435.0
62,2011-02-23,768.0,771.5,758.5,760.0,628.993042,2250458.0
63,2011-02-24,754.0,768.0,751.0,755.5,625.26886,1916405.0
64,2011-02-25,761.0,774.0,757.0,770.5,637.683105,1112878.0
65,2011-02-28,768.5,784.0,767.5,780.0,645.545471,2505232.0
66,2011-03-01,783.0,788.0,772.0,777.0,643.0625,3299447.0
67,2011-03-02,773.0,773.0,762.5,766.5,634.3724980000001,1640639.0
68,2011-03-03,769.0,783.5,765.75,777.0,643.0625,1501968.0
69,2011-03-04,778.0,782.5,774.0,774.0,640.57959,1318076.0
70,2011-03-07,773.0,784.0,767.5,780.0,645.545471,1717084.0
71,2011-03-08,783.0,785.5,762.664978,772.5,639.338135,1798148.0
72,2011-03-09,773.0,783.0,772.5,777.5,643.47644,1104906.0
73,2011-03-10,773.5,781.0,761.5,764.0,632.303589,1862033.0
74,2011-03-11,759.5,759.5,738.5,740.0,612.440613,2430486.0
75,2011-03-14,736.5,746.5,731.5,744.0,615.7511599999999,1696965.0
76,2011-03-15,734.0,739.5,719.0,731.0,604.992004,3816187.0
77,2011-03-16,731.5,740.5,724.0,729.0,603.336731,3118867.0
78,2011-03-17,733.0,743.5,726.0,741.0,613.26825,2740978.0
79,2011-03-18,741.5,755.5,740.5,746.0,617.406433,4573983.0
80,2011-03-21,753.0,762.5,750.0,759.5,628.579163,1673413.0
81,2011-03-22,760.0,762.5,755.5,758.5,627.751709,1401560.0
82,2011-03-23,756.0,778.0,754.0,778.0,643.890259,2282245.0
83,2011-03-24,776.5,784.5,772.5,781.5,646.7869870000001,2416095.0
84,2011-03-25,784.0,785.0,771.0,772.0,638.924561,2107837.0
85,2011-03-28,773.5,779.0,769.0,776.5,642.648804,1352407.0
86,2011-03-29,778.0,778.0,765.5,776.0,642.235046,1379836.0
87,2011-03-30,781.5,783.5,775.0,777.5,643.47644,1790677.0
88,2011-03-31,777.0,779.5,772.0,772.0,638.924561,2566708.0
89,2011-04-01,774.5,779.0,774.0,777.0,643.0625,1793023.0
90,2011-04-04,774.5,782.5,774.0,776.5,642.648804,1335509.0
91,2011-04-05,775.5,783.5,772.0,781.5,646.7869870000001,1457559.0
92,2011-04-06,784.0,784.5,773.5,775.5,641.821106,1040663.0
93,2011-04-07,775.5,778.0,769.5,770.0,637.269348,1561992.0
94,2011-04-08,776.0,787.5,774.5,776.0,642.235046,2221785.0
95,2011-04-11,775.0,778.0,770.0,773.0,639.7521360000001,1428954.0
96,2011-04-12,769.01001,772.0,766.0,768.5,636.02771,1127198.0
97,2011-04-13,770.0,780.5,768.0,778.5,644.303955,1846660.0
98,2011-04-14,778.5,786.0,774.5,783.0,648.0282589999999,1722575.0
99,2011-04-15,783.0,789.5,779.5,783.5,648.442139,1555539.0
100,2011-04-18,785.0,786.5,770.5,773.5,640.166077,1638809.0
101,2011-04-19,777.0,786.409973,776.5,781.0,646.373352,1062861.0
102,2011-04-20,788.5,806.75,788.5,797.0,659.615173,1390748.0
103,2011-04-21,796.5,802.5,795.5,801.0,662.925598,952995.0
104,2011-04-26,801.5,809.0,796.5,808.0,668.718933,907893.0
105,2011-04-27,809.5,820.48999,807.0,810.0,670.3740230000001,1224490.0
106,2011-04-28,813.0,814.0,804.5,806.5,667.477539,1806440.0
107,2011-05-03,812.5,815.5,808.5,813.5,673.270874,1766110.0
108,2011-05-04,814.5,814.5,802.0,808.0,668.718933,2778860.0
109,2011-05-05,807.0,812.5,805.0,807.0,667.891296,1983479.0
110,2011-05-06,807.5,813.0,802.5,809.5,669.960327,2473539.0
111,2011-05-09,805.0,814.0,804.0,809.5,669.960327,1956952.0
112,2011-05-10,810.0,820.030029,808.5,817.0,676.167542,1885718.0
113,2011-05-11,823.0,823.0,814.0,816.5,675.753723,2380240.0
114,2011-05-12,812.0,815.0,805.0,815.0,674.51239,1510384.0
115,2011-05-13,817.0,825.0,813.0,814.5,674.098511,822175.0
116,2011-05-16,809.5,818.0,805.0,810.0,670.3740230000001,1186493.0
117,2011-05-17,806.0,812.5,797.0,797.0,659.615173,2024792.0
118,2011-05-18,798.5,803.5,794.0,796.0,658.787415,3961510.0
119,2011-05-19,800.0,806.0,796.0,798.0,660.442688,2308017.0
120,2011-05-20,800.5,806.0,789.5,791.0,654.649353,3006997.0
121,2011-05-23,784.5,785.5,767.0,767.0,634.786438,2533064.0
122,2011-05-24,767.5,775.5,765.51001,774.0,640.57959,3813473.0
123,2011-05-25,770.0,778.5,766.0,775.5,641.821106,1900950.0
124,2011-05-26,777.0,777.0,764.5,765.5,633.5450440000001,2305878.0
125,2011-05-27,769.0,777.0,766.5,776.0,642.235046,1862048.0
126,2011-05-31,791.5,807.0,791.5,800.0,662.097839,3583086.0
127,2011-06-01,803.0,803.0,792.5,794.5,657.546021,2242142.0
128,2011-06-02,792.5,800.0,789.5,790.5,654.2355349999999,2362170.0
129,2011-06-03,792.5,794.5,784.5,792.0,655.476929,4547451.0
130,2011-06-06,789.0,794.0,783.5,785.5,650.097351,1425373.0
131,2011-06-07,785.0,788.0,783.0,786.5,650.92511,1504516.0
132,2011-06-08,784.5,787.0,777.5,779.0,644.7177730000001,1594893.0
133,2011-06-09,779.5,806.5,779.5,802.5,664.1669919999999,1967047.0
134,2011-06-10,803.5,803.5,781.0,783.0,648.0282589999999,2943653.0
135,2011-06-13,783.5,789.0,782.0,785.0,649.6835940000001,1284216.0
136,2011-06-14,789.0,808.0,788.5,800.5,662.5117799999999,3111317.0
137,2011-06-15,801.5,801.5,760.0,785.0,649.6835940000001,8172340.0
138,2011-06-16,783.0,784.5,772.5,779.5,645.131653,2231954.0
139,2011-06-17,775.5,783.5,774.0,780.0,645.545471,3040760.0
140,2011-06-20,775.5,777.0,767.5,775.0,641.4074099999999,2001320.0
141,2011-06-21,778.5,778.5,771.5,775.0,641.4074099999999,2843639.0
142,2011-06-22,760.5,768.0,759.9119870000001,761.0,639.6096190000001,2839569.0
143,2011-06-23,757.0,757.0,749.5,752.5,632.465515,3967481.0
144,2011-06-24,758.0,760.0880129999999,748.0,758.0,637.088074,5878894.0
145,2011-06-27,757.0,761.0,749.5,752.0,632.045105,1756481.0
146,2011-06-28,754.0,764.5,754.0,764.0,642.131104,2268978.0
147,2011-06-29,767.0,784.0,767.0,783.0,658.10022,2519215.0
148,2011-06-30,784.5,793.5,781.5,793.5,666.925293,2059691.0
149,2011-07-01,795.0,801.5,789.0,801.5,673.649231,2596518.0
150,2011-07-04,804.5,813.5,801.4530030000001,806.0,677.431458,1154856.0
151,2011-07-05,807.5,813.5,802.5,811.0,681.633911,2207172.0
152,2011-07-06,815.0,825.5,812.0,823.0,691.719788,2200536.0
153,2011-07-07,826.0,834.5,822.5,833.5,700.5448,1531483.0
154,2011-07-08,836.5,841.5,823.5,824.0,692.56012,2066505.0
155,2011-07-11,822.5,824.0,799.5,803.5,675.3302,3737093.0
156,2011-07-12,794.0,809.5,780.5,806.5,677.851685,5982293.0
157,2011-07-13,806.0,820.5,802.5,820.0,689.1982419999999,2518113.0
158,2011-07-14,816.0,816.5,806.5,811.0,681.633911,3411335.0
159,2011-07-15,805.0,805.0,794.5,803.5,675.3302,4129660.0
160,2011-07-18,800.5,807.0,793.5,802.0,674.069458,2872934.0
161,2011-07-19,806.0,813.0,801.0,811.0,681.633911,2401789.0
162,2011-07-20,813.5,818.5,807.5,815.0,684.99585,1462435.0
163,2011-07-21,815.5,821.0,811.0,816.0,685.836182,1976036.0
164,2011-07-22,819.0,825.5,812.0,819.5,688.777893,1591977.0
165,2011-07-25,815.0,829.5,814.5,826.0,694.241211,2281974.0
166,2011-07-26,825.5,825.5,814.0,815.0,684.99585,2283299.0
167,2011-07-27,812.0,821.0,807.0,811.5,682.054199,2562117.0
168,2011-07-28,805.5,812.0,802.0,806.0,677.431458,1912428.0
169,2011-07-29,804.0,809.0,789.0,802.5,674.489746,2434257.0
170,2011-08-01,808.5,815.5,786.575012,788.0,662.302734,1888435.0
171,2011-08-02,786.5,792.0,780.5,788.5,662.7229,2497193.0
172,2011-08-03,781.0,782.5,767.0,773.5,650.115723,2597001.0
173,2011-08-04,781.0,781.0,733.5,735.5,618.177124,4180303.0
174,2011-08-05,719.5,741.0,704.5,728.5,612.2937009999999,4721115.0
175,2011-08-08,722.0,730.0,694.5,695.0,584.13739,4027893.0
176,2011-08-09,695.5,716.5,655.5,715.0,600.947266,5171352.0
177,2011-08-10,726.0,735.0,691.5,699.5,587.9198,3826078.0
178,2011-08-11,720.0,721.0,687.5,703.5,591.281738,4525133.0
179,2011-08-12,706.0,728.5,695.5,728.5,612.2937009999999,1992959.0
180,2011-08-15,732.5,732.5,719.5,726.0,610.192566,1407827.0
181,2011-08-16,723.0,723.8020019999999,708.0,718.5,603.888977,1314840.0
182,2011-08-17,716.0,720.0,708.0,710.0,596.7448730000001,1895825.0
183,2011-08-18,701.0,705.5,666.0,679.0,570.689758,2622528.0
184,2011-08-19,678.0,678.0,652.0,665.0,558.922913,2572134.0
185,2011-08-22,661.0,672.5,658.5,668.0,561.444397,2744323.0
186,2011-08-23,673.5,679.5,663.0,670.5,563.545532,1416133.0
187,2011-08-24,672.0,672.0,663.0,672.0,564.806396,2669854.0
188,2011-08-25,677.0,681.0,663.0,672.5,565.226685,3338844.0
189,2011-08-26,671.5,673.5,655.5,668.5,561.864807,1997214.0
190,2011-08-30,678.0,679.0,667.0,679.0,570.689758,1751110.0
191,2011-08-31,684.5,708.5,679.5,703.5,591.281738,3746341.0
192,2011-09-01,703.0,705.570984,689.5,705.5,592.962585,3352662.0
193,2011-09-02,699.0,707.0,683.0,704.5,592.12207,3559760.0
194,2011-09-05,695.5,698.5,682.0,684.0,574.89209,3031964.0
195,2011-09-06,680.5,693.0,679.0,685.5,576.153015,2888181.0
196,2011-09-07,699.0,707.0,696.5,705.0,592.542236,1935421.0
197,2011-09-08,708.0,714.5,701.0,713.5,599.686584,2096982.0
198,2011-09-09,710.0,715.0,693.5,695.0,584.13739,2173386.0
199,2011-09-12,680.5,690.0,676.0,686.0,576.5732419999999,1859929.0
200,2011-09-13,695.0,698.5,677.0,687.0,577.413574,1903878.0
201,2011-09-14,683.5,705.0,683.5,703.0,590.86145,1706766.0
202,2011-09-15,710.0,724.0,709.5,721.0,605.98999,1900809.0
203,2011-09-16,728.0,728.5,708.0,711.5,598.005615,3233522.0
204,2011-09-19,702.0,702.0,684.5,695.0,584.13739,1783878.0
205,2011-09-20,689.0,714.070984,688.0,714.0,600.106689,1503200.0
206,2011-09-21,712.0,726.5,711.5,720.0,605.14978,1270474.0
207,2011-09-22,704.0,706.5,683.5,693.5,582.87677,3891001.0
208,2011-09-23,697.0,705.0,680.0,695.0,584.13739,1587170.0
209,2011-09-26,683.5,710.5,683.5,704.5,592.12207,1354095.0
210,2011-09-27,727.0,735.0,718.0,735.0,617.75708,2122471.0
211,2011-09-28,730.0,745.0,727.5,740.5,622.379639,1835263.0
212,2011-09-29,739.0,740.0,725.5,733.0,616.0759889999999,1398127.0
213,2011-09-30,731.0,732.0,715.5,725.0,609.352112,1668453.0
214,2011-10-03,713.5,718.5,705.5,707.0,594.223328,2024669.0
215,2011-10-04,701.0,703.273987,686.0,700.0,588.339966,2800857.0
216,2011-10-05,710.5,725.5,708.0,715.0,600.947266,2439755.0
217,2011-10-06,719.5,735.0,714.0,735.0,617.75708,2224506.0
218,2011-10-07,739.0,750.0,732.5,748.5,629.1033940000001,1491870.0
219,2011-10-10,750.0,754.0,735.0,743.5,624.9011230000001,1641875.0
220,2011-10-11,745.5,747.5,736.5,740.0,621.959351,1503489.0
221,2011-10-12,737.5,760.5,724.5,757.5,636.6678469999999,1955811.0
222,2011-10-13,754.5,756.5,740.5,744.0,625.321289,1531526.0
223,2011-10-14,747.5,760.5,747.22699,756.0,635.407104,989535.0
224,2011-10-17,760.5,760.5,740.5,744.5,625.741455,1273802.0
225,2011-10-18,739.0,752.5,738.5,750.0,630.3642580000001,1159926.0
226,2011-10-19,754.5,760.0,748.5,757.0,636.24762,1344639.0
227,2011-10-20,746.0,759.5,736.5,749.0,629.523804,1289673.0
228,2011-10-21,758.0,775.5,749.0,773.5,650.115723,2183155.0
229,2011-10-24,773.5,787.0,771.5,785.5,660.201416,1599638.0
230,2011-10-25,781.5,792.0,778.0,780.5,655.999084,1899612.0
231,2011-10-26,781.5,787.0,771.5,781.0,656.419556,1958813.0
232,2011-10-27,800.0,811.0,792.0,808.5,679.532654,1307551.0
233,2011-10-28,814.5,824.0,809.0,824.0,692.56012,999982.0
234,2011-10-31,819.0,820.0,808.0,810.5,681.213501,1897434.0
235,2011-11-01,789.0,790.5,772.0,784.0,658.9406740000001,2041637.0
236,2011-11-02,793.0,797.0,771.0,779.5,655.158508,2600762.0
237,2011-11-03,769.0,804.5,769.0,796.5,669.446838,2098823.0
238,2011-11-04,801.0,806.0,790.5,799.5,671.968201,1097391.0
239,2011-11-07,795.5,799.848999,787.0,790.5,664.40387,1276892.0
240,2011-11-08,790.5,803.5,787.632996,795.0,668.186035,1355115.0
241,2011-11-09,803.5,807.0,780.0,784.0,658.9406740000001,2144700.0
242,2011-11-10,760.0,842.5,760.0,826.0,694.241211,3864026.0
243,2011-11-11,823.0,832.0,820.0,829.5,697.182861,2978427.0
244,2011-11-14,834.0,836.0,825.5,828.5,696.342346,1895125.0
245,2011-11-15,824.5,829.366028,819.560974,828.5,696.342346,2517487.0
246,2011-11-16,828.0,829.0599980000001,814.5,820.5,689.61853,2854162.0
247,2011-11-17,815.5,816.0319820000001,799.651001,805.5,677.011169,2768639.0
248,2011-11-18,800.0,806.0,794.0,794.5,667.7658690000001,2208267.0
249,2011-11-21,790.5,791.0,774.0,781.0,656.419556,2694142.0
250,2011-11-22,782.0,803.5,775.5,799.0,671.5480349999999,2145342.0
251,2011-11-23,794.5,794.5,774.0,774.0,650.535828,1738148.0
252,2011-11-24,777.5,781.135986,771.0,776.0,652.216858,1087330.0
253,2011-11-25,774.0,780.5,763.5,777.5,653.477539,861735.0
254,2011-11-28,781.5,800.5,780.0,800.5,672.808777,2143977.0
255,2011-11-29,804.0,818.0,797.5,817.5,687.097107,1749037.0
256,2011-11-30,813.0,854.0,810.0,844.0,709.3698730000001,3808306.0
257,2011-12-01,848.5,853.0,842.0,844.0,709.3698730000001,2691848.0
258,2011-12-02,850.5,857.744019,835.5,839.5,705.587646,1485724.0
259,2011-12-05,846.5,851.5,838.5,844.0,709.3698730000001,1442622.0
260,2011-12-06,839.5,848.0,838.0,841.5,707.2686160000001,1066436.0
261,2011-12-07,850.0,850.5,827.0,833.5,700.5448,1739766.0
262,2011-12-08,838.0,838.5,809.0,809.0,679.95282,2766646.0
263,2011-12-09,804.5,818.0,797.0,816.0,685.836182,2532800.0
264,2011-12-12,815.0,820.5,805.5,809.0,679.95282,1393637.0
265,2011-12-13,813.5,830.5,808.5,827.5,695.501892,1792024.0
266,2011-12-14,825.0,827.5,807.0,816.0,685.836182,2065584.0
267,2011-12-15,820.0,827.0,814.8020019999999,823.0,691.719788,1465715.0
268,2011-12-16,827.5,837.5,823.5,829.5,697.182861,2464575.0
269,2011-12-19,821.0,838.0,819.0,835.0,701.805542,1476850.0
270,2011-12-20,832.0,843.5,830.0,842.5,708.1092530000001,1373847.0
271,2011-12-21,849.5,859.5,837.5,838.5,704.747314,1562815.0
272,2011-12-22,838.0,851.0,835.1979980000001,840.0,706.007935,1154210.0
273,2011-12-23,844.5,846.5,834.5,839.5,705.587646,645432.0
274,2011-12-28,838.5,856.0,826.5,847.0,716.4064940000001,1487046.0
275,2011-12-29,844.5,859.5,838.5,859.5,726.979187,1126333.0
276,2011-12-30,860.5,875.5,857.5,875.5,740.512207,572794.0
277,2012-01-03,889.0,895.0,864.0,880.0,744.318359,1859087.0
278,2012-01-04,884.5,891.0,865.5,866.5,732.899902,2492008.0
279,2012-01-05,866.0,877.5,850.0,854.0,722.327271,3395126.0
280,2012-01-06,861.0,865.5,848.5,853.0,721.4813230000001,1615941.0
281,2012-01-09,857.0,870.0,854.0,864.5,731.2082519999999,1879578.0
282,2012-01-10,870.5,879.0,868.0,876.5,741.358154,2137734.0
283,2012-01-11,875.0,875.5,860.5,865.5,732.054077,1436279.0
284,2012-01-12,868.0,876.0,858.5,862.5,729.5167240000001,1652272.0
285,2012-01-13,864.0,872.0,857.0,872.0,737.551941,2787447.0
286,2012-01-16,867.5,877.5,867.5,875.5,740.512207,1478190.0
287,2012-01-17,878.0,879.5,855.0,875.5,740.512207,22284386.0
288,2012-01-18,875.5,897.0,875.5,892.0,754.468323,2834094.0
289,2012-01-19,896.0,911.5,893.5,902.5,763.349426,2338823.0
290,2012-01-20,909.0,909.0,890.0,890.5,753.199524,1933113.0
291,2012-01-23,889.5,891.5,881.5,886.5,749.816284,1366625.0
292,2012-01-24,880.5,885.0,874.0,879.5,743.895569,1353148.0
293,2012-01-25,881.5,890.0,869.5,876.5,741.358154,1422747.0
294,2012-01-26,881.0,885.0,873.723999,880.0,744.318359,1505704.0
295,2012-01-27,878.5,878.5,871.5,875.0,740.089294,1377755.0
296,2012-01-30,872.5,874.0,853.5,858.5,726.133362,1935838.0
297,2012-01-31,864.0,869.0,850.5,859.5,726.979187,2125306.0
298,2012-02-01,860.0,874.0,860.0,874.0,739.243408,2388021.0
299,2012-02-02,878.0,883.5,872.0,882.5,746.433105,2425918.0
300,2012-02-03,882.0,906.5,879.0,903.5,764.19519,1646735.0
301,2012-02-06,905.0,906.0,898.5,906.0,766.309692,1198850.0
302,2012-02-07,906.0,922.840027,903.0,916.0,774.7677610000001,3030669.0
303,2012-02-08,917.5,921.0,909.0,916.5,775.190796,3336707.0
304,2012-02-09,918.0,924.5,912.0,914.5,773.499084,1304638.0
305,2012-02-10,913.0,922.0,907.0,921.0,778.996887,1774891.0
306,2012-02-13,925.5,930.0,919.5,929.5,786.186462,1296659.0
307,2012-02-14,925.5,939.5,921.0,939.5,794.6445309999999,1794440.0
308,2012-02-15,944.5,953.0729980000001,938.5,950.5,803.948486,1740794.0
309,2012-02-16,943.5,955.5,938.5,951.5,804.794312,1267138.0
310,2012-02-17,950.5,959.0,933.0,945.5,799.719421,2605034.0
311,2012-02-20,950.5,964.0,946.5,960.0,811.983704,6569292.0
312,2012-02-21,959.5,959.5,938.0,942.0,796.759094,1683237.0
313,2012-02-22,941.0,955.0,939.400024,949.0,802.67981,1780630.0
314,2012-02-23,946.5,961.0,946.0,953.5,806.486023,1495247.0
315,2012-02-24,954.0,959.0,942.5,945.5,799.719421,1761015.0
316,2012-02-27,940.5,944.0,934.0,942.0,796.759094,1770174.0
317,2012-02-28,945.0,945.5,937.5,940.5,795.4902950000001,1683029.0
318,2012-02-29,938.0,947.5,933.5,945.5,799.719421,2626086.0
319,2012-03-01,944.0,956.5,939.0,955.5,808.177673,1628443.0
320,2012-03-02,955.0,958.5,930.5,932.5,788.723755,1710313.0
321,2012-03-05,930.0,938.5,917.0,931.0,787.4550780000001,1686643.0
322,2012-03-06,926.0,927.0,907.0,910.5,770.115845,2126400.0
323,2012-03-07,910.0,931.5,908.5,929.5,786.186462,2226524.0
324,2012-03-08,931.5,953.5,931.0,949.5,803.102661,2153232.0
325,2012-03-09,947.5,973.5,943.5,968.0,818.750305,1834373.0
326,2012-03-12,964.5,973.5,959.5,965.0,816.2128299999999,1491451.0
327,2012-03-13,969.5,975.5,965.5,975.0,824.6711429999999,1941934.0
328,2012-03-14,975.0,979.0,971.5,973.5,823.402283,1707756.0
329,2012-03-15,975.0,979.0,973.5,976.5,825.939697,1424965.0
330,2012-03-16,976.5,990.0,973.5,983.0,831.4375610000001,2935866.0
331,2012-03-19,984.5,984.5,978.0,982.5,831.014587,21424409.0
332,2012-03-20,980.5,983.0,979.5,980.5,829.3229980000001,2894357.0
333,2012-03-21,981.0,990.0,981.0,988.0,835.666626,1348312.0
334,2012-03-22,987.0,989.4799800000001,982.0,985.0,833.129211,2773793.0
335,2012-03-23,985.5,995.5,981.5,990.0,837.3582150000001,1484118.0
336,2012-03-26,991.0,1002.0,988.0,995.5,842.010315,1181109.0
337,2012-03-27,998.0,1003.0,987.0,992.0,839.0498050000001,1390537.0
338,2012-03-28,989.5,994.5,981.5,990.5,837.78125,2625179.0
339,2012-03-29,987.5,988.5,972.0,977.0,826.36261,1620050.0
340,2012-03-30,979.0,982.8599849999999,968.0,974.5,824.2480469999999,2416024.0
341,2012-04-02,976.0,996.5,971.5,996.5,842.8560789999999,2276742.0
342,2012-04-03,999.5,1002.0,992.5729980000001,995.5,842.010315,1863589.0
343,2012-04-04,990.5,995.0,969.0,971.5,821.710571,2226326.0
344,2012-04-05,970.0,975.0,961.0,968.0,818.750305,2166838.0
345,2012-04-10,959.5,966.5,950.0,957.5,809.869141,2241588.0
346,2012-04-11,955.0,970.5,954.0,965.0,816.2128299999999,16000299.0
347,2012-04-12,964.5,995.5,964.5,993.5,840.3186039999999,2161590.0
348,2012-04-13,995.0,995.0,977.5,978.0,827.208496,1597311.0
349,2012-04-16,973.0,984.5,973.0,975.0,824.6711429999999,1416334.0
350,2012-04-17,974.5,983.0,965.5,982.0,830.5917969999999,2127537.0
351,2012-04-18,982.0,984.5,973.5,984.5,832.706238,1212246.0
352,2012-04-19,989.5,999.0,984.5,996.5,842.8560789999999,1758549.0
353,2012-04-20,995.0,999.0,989.5,998.0,844.124634,1287559.0
354,2012-04-23,995.0,995.0,956.5,965.0,816.2128299999999,1404525.0
355,2012-04-24,961.5,973.6900019999999,960.5,969.5,820.019104,1311036.0
356,2012-04-25,974.5,981.0,969.0,972.5,822.556458,1773457.0
357,2012-04-26,980.0,991.5,973.0,981.0,829.7459719999999,1458763.0
358,2012-04-27,979.0,986.5,975.0,980.5,829.3229980000001,1781552.0
359,2012-04-30,982.5,989.0,972.5,972.5,822.556458,2444407.0
360,2012-05-01,977.5,993.781006,971.0,991.0,838.2041019999999,723740.0
361,2012-05-02,998.0,1005.0,991.0,997.5,843.7019650000001,3382974.0
362,2012-05-03,999.0,1004.0,990.5,995.0,841.587402,2152864.0
363,2012-05-04,994.0,994.0,967.0,971.0,821.28772,1807800.0
364,2012-05-08,971.5,972.0,947.5,947.5,801.4111330000001,2267508.0
365,2012-05-09,945.5,954.5,934.900024,951.0,804.371399,2053699.0
366,2012-05-10,960.0,960.0,910.0,910.0,769.692932,5361153.0
367,2012-05-11,922.0,930.0,910.5,928.5,785.3405759999999,3672862.0
368,2012-05-14,923.5,932.5,912.5,921.0,778.996887,1545677.0
369,2012-05-15,916.0,917.5,894.0,894.0,756.159912,2963574.0
370,2012-05-16,885.0,891.7800289999999,872.5,890.0,752.77655,3649947.0
371,2012-05-17,888.5,891.5,873.5,882.0,746.010193,1604429.0
372,2012-05-18,875.0,877.0,859.0,870.0,735.860291,2048852.0
373,2012-05-21,866.0,884.0,865.5,880.0,744.318359,1508153.0
374,2012-05-22,882.5,901.5,882.5,899.0,760.388977,1668223.0
375,2012-05-23,891.0,900.0,887.5,888.0,751.085022,4597489.0
376,2012-05-24,891.0,902.0,882.5,899.5,760.811829,1471748.0
377,2012-05-25,899.5,911.289001,897.0,903.0,763.772217,1734314.0
378,2012-05-29,910.0,920.5,908.0,919.0,777.305298,1233662.0
379,2012-05-30,912.0,914.0,896.5,897.0,758.6973879999999,1849994.0
380,2012-05-31,902.0,909.0,897.5,905.0,765.4638669999999,2414835.0
381,2012-06-01,908.5,908.5,884.0,896.0,757.8515629999999,3215710.0
382,2012-06-06,940.0,940.0,901.0,924.5,781.957397,2661963.0
383,2012-06-07,933.0,937.5,922.0,934.5,790.415405,1972929.0
384,2012-06-08,931.5,941.0,925.5,938.0,793.375854,2110830.0
385,2012-06-11,957.5,957.5,935.5,938.5,793.7987059999999,2113063.0
386,2012-06-12,934.0,946.0,926.0,941.5,796.336121,8824873.0
387,2012-06-13,946.5,952.0,928.5,938.5,793.7987059999999,1934803.0
388,2012-06-14,933.5,939.2609859999999,918.5,936.5,792.106995,1856098.0
389,2012-06-15,941.5,941.5,920.6979980000001,925.0,782.3801269999999,4859853.0
390,2012-06-18,938.0,941.5,919.0,933.5,789.569702,1816825.0
391,2012-06-19,938.0,942.0,918.5,938.0,793.375854,2022503.0
392,2012-06-20,928.5,934.0,915.0,934.0,801.900452,2122279.0
393,2012-06-21,930.0,935.5,920.5,923.5,792.8854980000001,1805661.0
394,2012-06-22,919.0,921.5,905.5,911.5,782.582703,1653662.0
395,2012-06-25,912.5,915.0,903.0,906.5,778.289978,2017958.0
396,2012-06-26,910.0,910.0,895.0,899.5,772.279907,1556472.0
397,2012-06-27,904.0,905.0,895.5,901.0,773.567688,2244261.0
398,2012-06-28,903.5,906.5,890.5,899.0,771.850708,1432879.0
399,2012-06-29,910.0,915.5,899.0,900.5,773.1384889999999,2720310.0
400,2012-07-02,914.5,928.929016,904.5,916.0,786.446228,2209102.0
401,2012-07-03,919.5,923.5,914.0,923.5,792.8854980000001,2387197.0
402,2012-07-04,921.5,930.5,919.5,926.0,795.0319820000001,1745278.0
403,2012-07-05,928.5,954.5,925.5,954.0,819.071838,3830939.0
404,2012-07-06,954.5,955.5,939.0,943.0,809.627563,2120890.0
405,2012-07-09,944.0,957.5,940.0,956.0,820.78894,2430224.0
406,2012-07-10,961.5,985.5,961.5,973.5,835.813843,3120176.0
407,2012-07-11,970.5,974.0,949.5,957.5,822.076721,1571574.0
408,2012-07-12,952.5,958.0,938.0,951.0,816.4960940000001,2335012.0
409,2012-07-13,935.0,965.0,918.5,932.0,800.183289,3518415.0
410,2012-07-16,928.5,940.0,925.0,932.0,800.183289,1432295.0
411,2012-07-17,936.0,939.0,926.0,931.5,799.754089,1782811.0
412,2012-07-18,935.5,949.0,927.5,949.0,814.778992,4907347.0
413,2012-07-19,949.5,969.5,948.0,965.5,828.945251,1534048.0
414,2012-07-20,964.5,971.5,956.0,961.0,825.081726,2159299.0
415,2012-07-23,949.5,951.5,928.5,932.5,800.61261,1344716.0
416,2012-07-24,933.5,940.5,930.5,934.0,801.900452,944273.0
417,2012-07-25,933.5,943.5,932.0,937.0,804.476257,3783071.0
418,2012-07-26,940.0,962.5,933.5,962.5,826.369568,1742777.0
419,2012-07-27,968.0,970.5789789999999,958.5,963.0,826.7988889999999,2255443.0
420,2012-07-30,965.5,967.0,958.0,964.0,827.6575320000001,1662806.0
421,2012-07-31,965.5,967.5,949.0,949.0,814.778992,2400305.0
422,2012-08-01,952.5,964.0,948.8679810000001,961.0,825.081726,1522533.0
423,2012-08-02,960.0,964.5,944.5,944.5,810.915344,1840305.0
424,2012-08-03,950.0,972.4400019999999,949.5,968.0,831.0917360000001,1361897.0
425,2012-08-06,966.0,977.0,959.0,971.5,834.096619,703954.0
426,2012-08-07,971.5,976.5,959.5,976.0,837.960266,2036647.0
427,2012-08-08,970.5,977.5,964.0,977.5,839.248047,1264381.0
428,2012-08-09,982.5,986.0,972.0,978.5,840.1066279999999,1326344.0
429,2012-08-10,979.0,982.0,972.5,978.5,840.1066279999999,1058983.0
430,2012-08-13,978.0,983.0,976.5,983.0,843.970215,4402755.0
431,2012-08-14,989.0,995.0,984.5,992.0,851.697205,1432409.0
432,2012-08-15,993.0,1005.0,992.0,1002.0,860.282898,4147882.0
433,2012-08-16,1005.0,1005.0,985.0,989.5,849.550964,2515215.0
434,2012-08-17,989.0,999.0,986.0,996.5,855.560852,3074769.0
435,2012-08-20,999.0,1001.0,990.0,995.0,854.2730710000001,988934.0
436,2012-08-21,999.0,1013.0,995.5,1011.0,868.01001,1082957.0
437,2012-08-22,1009.0,1009.0,993.5,998.0,856.8485720000001,1326728.0
438,2012-08-23,1009.0,1010.0,993.0,994.5,853.84375,970748.0
439,2012-08-24,995.0,1001.0,987.0,991.0,850.8387449999999,1027154.0
440,2012-08-28,991.5,994.0,981.757996,993.5,852.9851679999999,1159371.0
441,2012-08-29,991.0,998.0150150000001,985.5,992.5,852.126526,1025883.0
442,2012-08-30,992.0,997.5,987.5,994.0,853.414368,1818475.0
443,2012-08-31,992.5,1016.0,988.5,1004.0,862.000122,1582807.0
444,2012-09-03,1000.0,1019.0,997.5,1015.0,871.4443970000001,1235854.0
445,2012-09-04,1014.0,1014.0,988.5,989.0,849.1217039999999,1235270.0
446,2012-09-05,990.5,1005.0,989.0,1002.0,860.282898,1580529.0
447,2012-09-06,1000.0,1021.0,999.0,1020.0,875.7371220000001,1503291.0
448,2012-09-07,1021.0,1027.0,1013.0,1022.0,877.4542240000001,1525334.0
449,2012-09-10,1024.0,1032.0,1019.0,1025.0,880.0299679999999,1195591.0
450,2012-09-11,1023.0,1025.0,1011.0,1013.0,869.727173,3512198.0
451,2012-09-12,1012.0,1018.0,1003.0,1006.0,863.7173460000001,1919555.0
452,2012-09-13,1004.0,1008.0,1000.0,1002.0,860.282898,1623856.0
453,2012-09-14,1019.0,1037.0,1009.0,1031.0,885.181335,1821794.0
454,2012-09-17,1029.0,1036.0,1023.0,1027.0,881.7471310000001,1225095.0
455,2012-09-18,1025.0,1037.0,1021.0,1034.0,887.7570800000001,1633800.0
456,2012-09-19,1033.0,1038.0,1027.0,1033.0,886.898499,1229197.0
457,2012-09-20,1028.0,1039.0,1022.0,1034.0,887.7570800000001,1445749.0
458,2012-09-21,1037.0,1041.0,1026.0,1032.0,886.0399779999999,2479507.0
459,2012-09-24,1025.0,1034.0,1022.0,1032.0,886.0399779999999,965239.0
460,2012-09-25,1030.0,1036.0,1027.0,1033.0,886.898499,1094109.0
461,2012-09-26,1027.0,1030.0,1018.0,1026.0,880.88855,1042375.0
462,2012-09-27,1032.0,1037.0,1024.0,1031.0,885.181335,2061402.0
463,2012-09-28,1038.0,1049.0,1029.0,1029.0,883.4641720000001,1751610.0
464,2012-10-01,1029.0,1059.0,1029.0,1049.0,900.635559,1775783.0
465,2012-10-02,1045.0,1058.0,1043.0,1050.0,901.494019,1245540.0
466,2012-10-03,1048.0,1055.0,1044.0,1051.0,902.352783,936221.0
467,2012-10-04,1054.0,1060.9139400000001,1050.0,1056.0,906.6455689999999,1125572.0
468,2012-10-05,1060.0,1075.0,1058.0,1072.0,920.382507,1726841.0
469,2012-10-08,1068.0,1078.0,1063.0,1074.0,922.099792,1367148.0
470,2012-10-09,1077.0,1077.0,1064.0,1067.0,916.089722,893889.0
471,2012-10-10,1064.0,1066.0,1053.0,1060.0,910.079834,1381264.0
472,2012-10-11,1059.0,1069.0,1058.0,1063.0,912.6555179999999,938853.0
473,2012-10-12,1060.0,1066.0,1053.0,1058.0,908.3626710000001,1142177.0
474,2012-10-15,1058.0,1073.0,1056.0,1069.0,917.806824,800436.0
475,2012-10-16,1074.0,1088.0,1072.984009,1081.0,928.109497,1372992.0
476,2012-10-17,1085.0,1087.0,1067.0,1071.0,919.523926,1264423.0
477,2012-10-18,1073.0,1088.0,1071.0,1085.0,931.5438230000001,1455109.0
478,2012-10-19,1085.0,1086.0,1071.0,1071.0,919.523926,1603912.0
479,2012-10-22,1071.0,1071.0,1044.0,1047.0,898.9183960000001,2136237.0
480,2012-10-23,1076.0,1096.0,1076.0,1087.0,933.2609859999999,4637674.0
481,2012-10-24,1082.0,1087.0,1066.0,1077.0,924.675415,1876793.0
482,2012-10-25,1080.0,1084.0,1075.0,1076.0,923.8167109999999,1812457.0
483,2012-10-26,1070.0,1078.0,1060.0,1065.0,914.3726810000001,1688438.0
484,2012-10-29,1061.0,1075.599976,1059.0,1073.0,921.2412109999999,887185.0
485,2012-10-30,1071.0,1078.0,1069.0,1076.0,923.8167109999999,708369.0
486,2012-10-31,1074.0,1081.2719730000001,1068.0,1070.0,918.6654050000001,1507921.0
487,2012-11-01,1068.0,1074.0,1055.0,1066.0,915.2312619999999,2414628.0
488,2012-11-02,1067.0,1080.0,1064.0,1079.0,926.392517,1695776.0
489,2012-11-05,1075.0,1075.0,1059.469971,1060.0,910.079834,1628145.0
490,2012-11-06,1063.0,1065.0,1049.0,1063.0,912.6555179999999,1879095.0
491,2012-11-07,1071.0,1078.0,1044.0,1044.0,896.3427730000001,1944766.0
492,2012-11-08,1057.0,1065.0,1039.0,1048.0,899.776978,2169286.0
493,2012-11-09,1048.0,1059.0,1037.0,1050.0,901.494019,1415521.0
494,2012-11-12,1050.0,1055.0,1041.0,1046.0,898.059875,1329037.0
495,2012-11-13,1047.0,1055.0,1038.0,1053.0,904.069824,1740407.0
496,2012-11-14,1048.0,1050.041992,1041.0,1043.0,895.484131,1187592.0
497,2012-11-15,1037.0,1043.0,1025.0,1027.0,881.7471310000001,1680642.0
498,2012-11-16,1026.0,1037.0,1021.0,1021.0,876.595825,1875284.0
499,2012-11-19,1025.0,1031.0,1018.0,1028.0,882.605591,1979952.0
500,2012-11-20,1022.0,1030.0,1021.0,1025.0,880.0299679999999,1662840.0
501,2012-11-21,1025.0,1036.0,1017.0,1020.0,875.7371220000001,2170116.0
502,2012-11-22,1021.0,1024.0,1015.0,1023.0,878.312866,3971108.0
503,2012-11-23,1021.0,1028.0,1016.0,1027.0,881.7471310000001,1203245.0
504,2012-11-26,1025.0,1036.0,1019.0,1029.0,883.4641720000001,1517231.0
505,2012-11-27,1033.0,1039.0,1030.0,1037.0,890.332825,1667748.0
506,2012-11-28,1033.0,1037.0,1018.0,1022.0,877.4542240000001,2036649.0
507,2012-11-29,1028.0,1049.0,1025.0,1046.0,898.059875,1732147.0
508,2012-11-30,1046.0,1052.0,1037.0,1037.0,890.332825,2631206.0
509,2012-12-03,1037.0,1054.0,1037.0,1046.0,898.059875,1921301.0
510,2012-12-04,1043.0,1051.614014,1038.0,1040.0,892.908447,1891060.0
511,2012-12-05,1046.0,1053.218018,1042.0,1046.0,898.059875,1883096.0
512,2012-12-06,1048.0,1051.0,1029.0,1036.0,889.47406,2319662.0
513,2012-12-07,1035.0,1053.0,1035.0,1051.0,902.352783,2135557.0
514,2012-12-10,1050.0,1053.0,1035.0,1041.0,893.7670289999999,895692.0
515,2012-12-11,1040.0,1044.0,1028.0,1028.0,882.605591,1730796.0
516,2012-12-12,1032.0,1033.0,1018.0,1022.0,877.4542240000001,2751572.0
517,2012-12-13,1022.0,1022.0,997.5,999.0,857.7073359999999,3198486.0
518,2012-12-14,1002.0,1016.0,1002.0,1015.0,871.4443970000001,2907280.0
519,2012-12-17,1012.0,1017.0,1007.0,1013.0,869.727173,1395444.0
520,2012-12-18,1015.0,1019.0,1009.299011,1010.0,867.1514890000001,1999286.0
521,2012-12-19,1012.0,1013.0,1002.0,1006.0,863.7173460000001,2573161.0
522,2012-12-20,1000.0,1003.0,996.5,999.0,857.7073359999999,2635167.0
523,2012-12-21,997.0,998.0,987.0,988.0,848.2630619999999,2650218.0
524,2012-12-24,991.5,996.0,984.8699949999999,991.5,851.2680050000001,307330.0
525,2012-12-27,991.5,999.5,988.5,992.0,851.697205,660355.0
526,2012-12-28,996.0,996.0,982.0,988.0,848.2630619999999,752506.0
527,2012-12-31,988.0,989.0,975.0,980.0,841.39447,323925.0
528,2013-01-02,989.0,1017.0,989.0,1012.0,874.8218380000001,2281472.0
529,2013-01-03,1022.0,1023.0,1012.0,1015.0,877.415283,2437629.0
530,2013-01-04,1017.0,1035.0,1015.0,1033.0,892.975342,2831760.0
531,2013-01-07,1033.0,1035.0,1021.0,1024.0,885.195313,1243646.0
532,2013-01-08,1024.0,1026.329956,1013.0,1015.0,877.415283,1334219.0
533,2013-01-09,1016.0,1022.0,1009.0,1010.0,873.0930179999999,1165709.0
534,2013-01-10,1009.0,1022.0,1003.0,1015.0,877.415283,1391479.0
535,2013-01-11,1016.0,1030.0,1012.0,1030.0,890.3818359999999,1945900.0
536,2013-01-14,1031.0,1037.5,1024.0,1027.0,887.788574,2142362.0
537,2013-01-15,1029.0,1039.0,1026.0,1038.0,897.2976070000001,1719189.0
538,2013-01-16,1038.0,1063.0,1038.0,1062.0,918.04425,2050952.0
539,2013-01-17,1068.0,1086.109009,1064.0,1086.0,938.791138,2680144.0
540,2013-01-18,1075.0,1094.0,1068.0,1090.0,942.2489009999999,3222371.0
541,2013-01-21,1092.0,1094.920044,1078.0,1085.0,937.9266359999999,1267008.0
542,2013-01-22,1085.0,1099.0,1083.0,1090.0,942.2489009999999,1618633.0
543,2013-01-23,1090.0,1097.0,1082.0,1095.0,946.570984,1639071.0
544,2013-01-24,1095.0,1104.0,1093.0,1097.0,948.2999880000001,1161687.0
545,2013-01-25,1096.0,1101.0,1089.0,1090.0,942.2489009999999,1888116.0
546,2013-01-28,1091.0,1094.453979,1077.0,1080.0,933.6043699999999,1815698.0
547,2013-01-29,1077.0,1081.0,1066.0,1078.0,931.8754880000001,1301708.0
548,2013-01-30,1079.0,1090.0,1076.0,1081.0,934.46875,1826479.0
549,2013-01-31,1082.0,1088.0,1073.0,1081.0,934.46875,2136408.0
550,2013-02-01,1084.0,1114.0,1084.0,1110.0,959.537781,1571312.0
551,2013-02-04,1111.0,1111.0,1084.0,1092.0,943.9776609999999,1539422.0
552,2013-02-05,1093.0,1107.0,1091.0,1096.0,947.43573,1891563.0
553,2013-02-06,1101.0,1114.0,1092.0,1095.0,946.570984,1546872.0
554,2013-02-07,1100.0,1108.0,1082.0,1083.0,936.197876,2253448.0
555,2013-02-08,1098.0,1114.0,1094.5,1096.0,947.43573,1694366.0
556,2013-02-11,1096.0,1096.0,1075.0,1080.0,933.6043699999999,1329295.0
557,2013-02-12,1080.0,1089.688965,1075.0,1088.0,940.519897,1172456.0
558,2013-02-13,1088.0,1095.0,1087.0,1091.0,943.113281,1497747.0
559,2013-02-14,1090.0,1093.0,1079.0,1082.0,935.333191,1299879.0
560,2013-02-15,1081.0,1085.845947,1073.0,1085.0,937.9266359999999,1507989.0
561,2013-02-18,1084.0,1087.0,1078.0,1083.0,936.197876,487021.0
562,2013-02-19,1083.0,1092.0,1075.875,1091.0,943.113281,988743.0
563,2013-02-20,1094.0,1106.0,1091.0,1098.0,949.1644289999999,3512334.0
564,2013-02-21,1092.0,1105.0,1068.0,1076.0,930.146484,2335384.0
565,2013-02-22,1080.0,1101.0,1080.0,1087.0,939.6555179999999,1036355.0
566,2013-02-25,1087.0,1097.0,1072.0,1078.0,931.8754880000001,3275811.0
567,2013-02-26,1065.0,1074.0,1059.0,1069.0,924.095459,2297431.0
568,2013-02-27,1071.0,1088.0,1067.875,1087.0,939.6555179999999,1701096.0
569,2013-02-28,1090.0,1096.0,1080.0,1094.0,945.706482,2513661.0
570,2013-03-01,1093.0,1138.0,1091.0,1137.0,982.8779300000001,2683589.0
571,2013-03-04,1138.0,1140.125,1125.0,1128.0,975.098022,1074700.0
572,2013-03-05,1132.0,1168.0,1132.0,1164.0,1006.2180789999999,2204211.0
573,2013-03-06,1164.0,1164.0,1141.0,1145.0,989.7935789999999,1252008.0
574,2013-03-07,1150.0,1159.0,1145.0,1151.0,994.980286,1592386.0
575,2013-03-08,1156.0,1156.75,1137.0,1146.0,990.657959,2093795.0
576,2013-03-11,1147.0,1164.0,1144.0,1163.0,1005.35376,1148604.0
577,2013-03-12,1159.0,1166.0,1150.0,1162.0,1004.4892580000001,980421.0
578,2013-03-13,1159.0,1177.0,1151.359985,1177.0,1017.455933,1226884.0
579,2013-03-14,1175.0,1193.0,1173.25,1185.0,1024.37146,1852289.0
580,2013-03-15,1187.0,1189.0,1154.0,1158.0,1001.03125,2646112.0
581,2013-03-18,1141.0,1174.0,1139.0,1170.0,1011.404663,1179151.0
582,2013-03-19,1164.0,1179.0,1154.0,1172.0,1013.1337279999999,1512584.0
583,2013-03-20,1180.0,1181.0,1161.0,1161.0,1003.624634,2396599.0
584,2013-03-21,1156.0,1160.0,1129.275024,1130.0,976.82666,2568487.0
585,2013-03-22,1125.0,1152.0,1125.0,1142.0,987.2003779999999,1608061.0
586,2013-03-25,1147.0,1165.0,1139.0,1148.0,992.386841,1264259.0
587,2013-03-26,1153.0,1153.0,1136.0,1140.0,985.4712519999999,1010588.0
588,2013-03-27,1142.0,1144.0,1117.0,1130.0,976.82666,1676450.0
589,2013-03-28,1129.0,1154.0,1126.0,1140.0,985.4712519999999,2492958.0
590,2013-04-02,1145.0,1176.0,1142.0,1174.0,1014.862732,1932728.0
591,2013-04-03,1174.0,1183.0,1161.0,1165.0,1007.082458,1515697.0
592,2013-04-04,1170.0,1173.0,1151.0,1154.0,997.573792,1414428.0
593,2013-04-05,1161.0,1161.0,1135.0,1147.0,991.5224,1581333.0
594,2013-04-08,1149.0,1157.599976,1134.0,1141.0,986.335876,3093408.0
595,2013-04-09,1142.0,1148.0,1125.0,1129.0,975.9626460000001,3344519.0
596,2013-04-10,1130.0,1171.0,1128.0,1167.0,1008.8114619999999,1753453.0
597,2013-04-11,1164.0,1173.0,1155.0,1156.0,999.302368,1094811.0
598,2013-04-12,1150.0,1160.0,1139.0,1152.0,995.8445429999999,1170071.0
599,2013-04-15,1151.0,1153.0,1135.0,1148.0,992.386841,1205804.0
600,2013-04-16,1142.0,1149.0,1137.0,1141.0,986.335876,1690202.0
601,2013-04-17,1150.0,1150.0,1124.0,1125.0,972.5046390000001,1443989.0
602,2013-04-18,1127.0,1129.0,1104.0,1107.0,956.9445800000001,1924735.0
603,2013-04-19,1111.0,1121.0,1100.0,1119.0,967.317932,1435527.0
604,2013-04-22,1124.0,1127.0,1105.0,1110.0,959.537781,1160486.0
605,2013-04-23,1113.0,1147.0,1110.0,1142.0,987.2003779999999,1141149.0
606,2013-04-24,1146.0,1146.0,1121.0,1133.0,979.420044,1308696.0
607,2013-04-25,1135.0,1149.0,1135.0,1138.0,983.742432,1360038.0
608,2013-04-26,1137.0,1141.0,1124.209961,1139.0,984.606934,1135706.0
609,2013-04-29,1137.0,1154.0,1130.719971,1153.0,996.708984,834471.0
610,2013-04-30,1157.0,1157.0,1125.0,1132.0,978.555725,1849434.0
611,2013-05-01,1140.0,1162.0,1140.0,1153.0,996.708984,912245.0
612,2013-05-02,1151.0,1152.0,1128.0,1136.0,982.013428,1959770.0
613,2013-05-03,1136.0,1158.0,1131.0,1151.0,994.980286,1482698.0
614,2013-05-07,1177.0,1182.0,1153.0,1157.0,1000.1668699999999,2364026.0
615,2013-05-08,1162.0,1174.0,1157.0,1172.0,1013.1337279999999,3322762.0
616,2013-05-09,1220.0,1268.0,1214.0,1247.0,1077.967407,3792603.0
617,2013-05-10,1242.0,1246.0,1222.0,1231.0,1064.135986,1665067.0
618,2013-05-13,1237.0,1251.0,1229.0,1247.0,1077.967407,1315120.0
619,2013-05-14,1252.0,1263.0,1248.0,1262.0,1090.93396,1837609.0
620,2013-05-15,1261.0,1279.0,1261.0,1267.0,1095.2563480000001,1077406.0
621,2013-05-16,1267.0,1268.0,1256.0,1259.0,1088.340454,2156811.0
622,2013-05-17,1255.0,1260.0,1248.0,1259.0,1088.340454,1661925.0
623,2013-05-20,1263.0,1268.0,1252.0,1268.0,1096.120483,3261432.0
624,2013-05-21,1275.0,1283.0,1271.0,1280.0,1106.494019,1260852.0
625,2013-05-22,1276.0,1290.0,1268.0,1288.0,1113.409546,2889330.0
626,2013-05-23,1268.0,1277.0,1257.0,1268.0,1096.120483,1831300.0
627,2013-05-24,1273.0,1274.0,1251.0,1254.0,1084.018433,935127.0
628,2013-05-28,1271.0,1289.0,1265.0,1282.0,1108.223267,1297692.0
629,2013-05-29,1276.0,1276.0,1247.719971,1261.0,1090.06958,1641254.0
630,2013-05-30,1257.0,1269.0,1253.0,1263.0,1091.798706,1008072.0
631,2013-05-31,1260.0,1260.0,1208.0,1222.0,1056.356079,3212250.0
632,2013-06-03,1220.0,1220.0,1199.0,1204.0,1040.795776,1748633.0
633,2013-06-04,1207.0,1216.0,1199.0,1212.0,1047.711548,1381894.0
634,2013-06-05,1211.0,1220.0,1196.0,1196.0,1033.880493,1737376.0
635,2013-06-06,1195.0,1208.0,1182.0,1182.0,1021.7781369999999,1405352.0
636,2013-06-07,1178.0,1198.0,1166.623047,1194.0,1032.151489,1665079.0
637,2013-06-10,1190.0,1205.0,1187.0,1200.0,1037.338257,3452290.0
638,2013-06-11,1194.0,1198.0,1148.0,1172.0,1013.1337279999999,2795092.0
639,2013-06-12,1174.0,1190.0,1167.0,1168.0,1009.675903,1504890.0
640,2013-06-13,1155.0,1155.0,1129.359985,1140.0,985.4712519999999,3789435.0
641,2013-06-14,1146.0,1158.0,1138.508057,1147.0,991.5224,1990463.0
642,2013-06-17,1152.0,1185.0,1150.0,1173.0,1013.997986,2009796.0
643,2013-06-18,1173.0,1181.0,1168.0,1175.0,1015.7271119999999,2120711.0
644,2013-06-19,1158.0,1167.0,1148.0,1159.0,1015.4906619999999,3582801.0
645,2013-06-20,1142.0,1148.0,1121.0,1128.0,988.3292240000001,2121315.0
646,2013-06-21,1132.0,1135.0,1104.0,1104.0,967.300964,4092284.0
647,2013-06-24,1113.0,1120.0,1083.0,1087.0,952.405823,2306084.0
648,2013-06-25,1095.0,1133.0,1090.0,1130.0,990.081726,2823596.0
649,2013-06-26,1131.0,1151.552002,1126.677002,1147.0,1004.976746,2540554.0
650,2013-06-27,1145.0,1163.0,1133.0,1155.0,1011.985962,2134609.0
651,2013-06-28,1160.0,1160.0,1143.0,1143.0,1001.4718019999999,3850563.0
652,2013-07-01,1149.0,1157.0,1146.0,1150.0,1007.605225,5053820.0
653,2013-07-02,1162.0,1166.0,1153.0,1160.0,1016.367004,1953641.0
654,2013-07-03,1150.0,1152.569946,1134.0,1145.0,1003.2241210000001,1881777.0
655,2013-07-04,1154.0,1164.0,1148.0,1164.0,1019.8717039999999,1564576.0
656,2013-07-05,1163.0,1180.0,1161.0,1166.0,1021.6239619999999,1449275.0
657,2013-07-08,1174.0,1184.0,1166.0,1174.0,1028.633545,924874.0
658,2013-07-09,1176.0,1194.0,1176.0,1187.0,1040.024048,1642982.0
659,2013-07-10,1187.0,1202.0,1169.0,1190.0,1042.6522220000002,1068076.0
660,2013-07-11,1206.0,1214.0,1182.0,1199.0,1050.537964,1424390.0
661,2013-07-12,1190.0,1198.0,1171.0,1183.0,1036.519165,1822476.0
662,2013-07-15,1189.0,1201.0,1182.0,1201.0,1052.290283,2502325.0
663,2013-07-16,1206.0,1214.0,1189.0,1211.0,1061.0522460000002,1993774.0
664,2013-07-17,1211.0,1214.0,1197.0,1205.0,1055.795044,1439791.0
665,2013-07-18,1201.0,1229.0,1199.0,1227.0,1075.070679,2532250.0
666,2013-07-19,1224.0,1229.0,1217.0,1229.0,1076.823242,2103862.0
667,2013-07-22,1229.0,1234.0,1218.0,1231.0,1078.575562,1334466.0
668,2013-07-23,1235.0,1239.0,1224.0,1224.0,1072.442505,1544613.0
669,2013-07-24,1224.0,1231.0,1219.0,1225.0,1073.318481,1730964.0
670,2013-07-25,1220.0,1229.0,1218.0,1219.0,1068.061401,1406422.0
671,2013-07-26,1222.0,1224.0,1209.0,1213.0,1062.804321,1137013.0
672,2013-07-29,1216.0,1229.0,1212.0,1216.0,1065.4332279999999,790894.0
673,2013-07-30,1222.0,1228.5,1216.0,1222.0,1070.689819,864741.0
674,2013-07-31,1216.0,1239.0,1216.0,1233.0,1080.328125,1365099.0
675,2013-08-01,1244.0,1253.0,1231.0,1241.0,1087.337524,1007498.0
676,2013-08-02,1242.0,1252.0,1232.0,1233.0,1080.328125,975324.0
677,2013-08-05,1233.0,1245.0,1221.359985,1226.0,1074.194702,1145729.0
678,2013-08-06,1225.0,1242.0,1222.0,1230.0,1077.699341,1477033.0
679,2013-08-07,1228.0,1245.0,1221.0,1226.0,1074.194702,1176533.0
680,2013-08-08,1226.0,1229.0,1218.0,1223.0,1071.566284,845036.0
681,2013-08-09,1223.0,1226.0,1213.0,1223.0,1071.566284,983160.0
682,2013-08-12,1221.0,1225.694946,1211.640015,1216.0,1065.4332279999999,1264201.0
683,2013-08-13,1216.0,1223.0,1211.0,1215.0,1064.556885,893803.0
684,2013-08-14,1215.0,1228.0,1207.567993,1210.0,1060.1757810000001,1209676.0
685,2013-08-15,1211.0,1213.0,1188.359009,1203.0,1054.0426029999999,1229269.0
686,2013-08-16,1199.0,1202.0,1180.0,1193.0,1045.280884,1262176.0
687,2013-08-19,1195.0,1204.0,1191.380005,1200.0,1051.4140630000002,935490.0
688,2013-08-20,1191.0,1192.5,1172.0,1178.0,1032.138306,1167302.0
689,2013-08-21,1185.0,1194.0,1181.0,1183.0,1036.519165,1459606.0
690,2013-08-22,1180.0,1182.0,1163.0,1169.0,1024.252686,2638617.0
691,2013-08-23,1168.0,1175.0,1154.666992,1163.0,1018.995483,2329957.0
692,2013-08-27,1163.0,1167.0,1150.0,1162.0,1018.119019,1664103.0
693,2013-08-28,1160.0,1160.0,1139.5,1143.0,1001.4718019999999,2435164.0
694,2013-08-29,1143.0,1157.0,1141.0,1150.0,1007.605225,1256496.0
695,2013-08-30,1155.0,1156.0,1127.0,1130.0,990.081726,1889653.0
696,2013-09-02,1144.0,1147.0,1135.0,1140.0,998.843445,1270983.0
697,2013-09-03,1138.0,1155.0,1133.0,1134.0,993.586243,1469324.0
698,2013-09-04,1134.0,1150.0,1133.0,1140.0,998.843445,2349974.0
699,2013-09-05,1140.0,1156.280029,1140.0,1152.0,1009.357544,2445988.0
700,2013-09-06,1150.0,1160.0,1148.0,1158.0,1014.6145630000001,1205819.0
701,2013-09-09,1163.0,1166.0,1154.0,1158.0,1014.6145630000001,1384267.0
702,2013-09-10,1161.0,1172.0,1161.0,1163.0,1018.995483,1839966.0
703,2013-09-11,1164.0,1189.0,1163.0,1189.0,1041.776123,1697482.0
704,2013-09-12,1191.0,1195.0,1183.0,1191.0,1043.528442,1267887.0
705,2013-09-13,1190.0,1198.0,1185.0,1189.0,1041.776123,1074620.0
706,2013-09-16,1206.0,1214.5,1196.0,1203.0,1054.0426029999999,1155068.0
707,2013-09-17,1206.0,1220.0,1200.0,1201.0,1052.290283,1590337.0
708,2013-09-18,1202.0,1210.5,1201.0,1208.0,1058.423584,1212243.0
709,2013-09-19,1222.0,1249.0,1222.0,1245.0,1090.842041,1726961.0
710,2013-09-20,1241.0,1245.0,1228.0,1240.0,1086.461304,2851261.0
711,2013-09-23,1243.0,1243.0,1233.0,1237.0,1083.832642,1048891.0
712,2013-09-24,1234.0,1241.0,1225.0,1233.0,1080.328125,888272.0
713,2013-09-25,1227.0,1228.0,1205.0,1216.0,1065.4332279999999,1897585.0
714,2013-09-26,1216.0,1225.0,1197.0,1199.0,1050.537964,1923877.0
715,2013-09-27,1197.0,1198.0,1183.0,1184.0,1037.395508,2430445.0
716,2013-09-30,1173.0,1187.0,1163.0,1177.0,1031.261841,1868633.0
717,2013-10-01,1185.0,1209.0,1181.0,1187.0,1040.024048,2170980.0
718,2013-10-02,1182.0,1185.0,1172.0,1173.0,1027.75708,1592128.0
719,2013-10-03,1175.0,1180.0,1156.0,1160.0,1016.367004,1600062.0
720,2013-10-04,1156.0,1169.0,1153.0,1155.0,1011.985962,1281968.0
721,2013-10-07,1157.0,1157.0,1142.0,1156.0,1012.8623050000001,1069413.0
722,2013-10-08,1155.0,1165.0,1152.0,1152.0,1009.357544,1665143.0
723,2013-10-09,1151.0,1162.635986,1142.0,1144.0,1002.348206,1413924.0
724,2013-10-10,1146.0,1164.0,1142.0,1159.0,1015.4906619999999,2137287.0
725,2013-10-11,1160.0,1173.0,1156.0,1169.0,1024.252686,1356297.0
726,2013-10-14,1170.0,1180.0,1164.0,1178.0,1032.138306,1235390.0
727,2013-10-15,1182.0,1189.280029,1176.0,1181.0,1034.766724,1246049.0
728,2013-10-16,1180.0,1189.0,1163.0,1183.0,1036.519165,2962959.0
729,2013-10-17,1182.0,1186.0,1161.0,1164.0,1019.8717039999999,1228675.0
730,2013-10-18,1168.0,1200.0,1168.0,1200.0,1051.4140630000002,1889455.0
731,2013-10-21,1205.0,1224.0,1202.719971,1224.0,1072.442505,1418005.0
732,2013-10-22,1224.0,1237.0,1215.0,1234.0,1081.204102,1461585.0
733,2013-10-23,1227.0,1240.0,1227.0,1235.0,1082.080322,1574371.0
734,2013-10-24,1236.0,1240.0,1225.0,1228.0,1075.9470210000002,1389396.0
735,2013-10-25,1229.0,1231.0,1218.0,1221.0,1069.813965,1776976.0
736,2013-10-28,1218.0,1231.0,1215.0,1227.0,1075.070679,1142556.0
737,2013-10-29,1226.0,1234.0,1217.0,1230.0,1077.699341,1646460.0
738,2013-10-30,1250.0,1275.0,1240.0,1270.0,1112.746582,2475147.0
739,2013-10-31,1270.0,1274.0,1265.0,1270.0,1112.746582,2014552.0
740,2013-11-01,1270.0,1274.0,1244.0,1247.0,1092.594482,1282704.0
741,2013-11-04,1246.0,1258.425049,1246.0,1258.0,1102.232544,976018.0
742,2013-11-05,1262.0,1263.0,1246.0,1263.0,1106.6134029999998,1697085.0
743,2013-11-06,1187.0,1200.0,1152.0,1182.0,1035.642822,5518114.0
744,2013-11-07,1188.0,1191.359985,1171.0,1180.0,1033.8903810000002,3516049.0
745,2013-11-08,1190.0,1190.0,1173.0,1183.0,1036.519165,1656120.0
746,2013-11-11,1185.0,1207.0,1182.0,1205.0,1055.795044,1918290.0
747,2013-11-12,1207.0,1207.0,1194.0,1205.0,1055.795044,1578458.0
748,2013-11-13,1204.0,1208.0,1186.0,1195.0,1047.033203,2375940.0
749,2013-11-14,1207.0,1209.0,1193.0,1195.0,1047.033203,1824928.0
750,2013-11-15,1200.0,1202.0,1186.0,1197.0,1048.7855220000001,1365912.0
751,2013-11-18,1203.0,1207.0,1199.0,1201.0,1052.290283,1206193.0
752,2013-11-19,1199.0,1199.0,1183.0,1195.0,1047.033203,1212321.0
753,2013-11-20,1189.0,1199.0,1180.0,1180.0,1033.8903810000002,1873215.0
754,2013-11-21,1177.0,1177.0,1162.0,1162.0,1018.119019,1684555.0
755,2013-11-22,1165.0,1167.0,1151.0,1154.0,1011.109741,1906647.0
756,2013-11-25,1163.0,1167.0,1147.0,1149.0,1006.729126,1450250.0
757,2013-11-26,1149.0,1151.053955,1142.0,1145.0,1003.2241210000001,2115832.0
758,2013-11-27,1143.0,1148.0,1136.0,1142.0,1000.595642,1741756.0
759,2013-11-28,1145.0,1163.0,1144.0,1159.0,1015.4906619999999,1280309.0
760,2013-11-29,1131.0,1141.0,1116.0,1127.0,987.452942,3320940.0
761,2013-12-02,1134.0,1141.0,1111.0,1115.0,976.938843,1630954.0
762,2013-12-03,1111.0,1116.0,1097.0,1097.0,961.167542,1991354.0
763,2013-12-04,1101.0,1101.0,1077.0,1077.0,943.644165,2804952.0
764,2013-12-05,1069.0,1102.0,1043.0,1097.0,961.167542,3619322.0
765,2013-12-06,1100.0,1117.0,1098.0,1117.0,978.691101,2074709.0
766,2013-12-09,1121.0,1125.0,1106.0,1113.0,975.1865230000001,1787543.0
767,2013-12-10,1115.0,1120.0,1110.0,1115.0,976.938843,2084601.0
768,2013-12-11,1111.0,1122.0,1109.0,1113.0,975.1865230000001,1526914.0
769,2013-12-12,1107.0,1111.5,1097.0,1098.0,962.0438839999999,1945962.0
770,2013-12-13,1091.0,1095.355957,1073.0,1073.0,940.1393429999999,2508547.0
771,2013-12-16,1078.0,1078.0,1065.0,1070.0,937.5108640000001,2521516.0
772,2013-12-17,1068.0,1073.0,1061.0,1067.0,934.882507,1529203.0
773,2013-12-18,1068.0,1071.161011,1063.0,1069.0,936.634705,1921048.0
774,2013-12-19,1073.0,1087.0,1073.0,1084.0,949.777283,2527725.0
775,2013-12-20,1084.0,1097.0,1079.0,1095.0,959.4154050000001,2844348.0
776,2013-12-23,1095.0,1100.0,1088.0,1099.0,962.919922,1109965.0
777,2013-12-27,1100.0,1120.0,1098.180054,1120.0,981.320007,848118.0
778,2013-12-30,1118.0,1129.0,1107.0,1117.0,978.691101,996106.0
779,2014-01-02,1114.0,1123.0,1098.0,1100.0,969.878845,1575449.0
780,2014-01-03,1100.0,1115.0,1100.0,1108.0,976.9327390000001,1028163.0
781,2014-01-06,1109.0,1129.5,1103.0,1120.0,987.5130619999999,2247765.0
782,2014-01-07,1120.0,1122.0,1097.0,1102.0,971.642334,1521745.0
783,2014-01-08,1102.0,1105.0,1095.0,1101.0,970.7608029999999,3297795.0
784,2014-01-09,1102.0,1110.0,1097.0,1101.0,970.7608029999999,1360747.0
785,2014-01-10,1106.0,1112.0,1100.0,1107.0,976.050781,1868260.0
786,2014-01-13,1111.0,1134.0,1110.0,1131.0,997.2119140000001,1903270.0
787,2014-01-14,1124.0,1139.0,1119.0,1136.0,1001.6206050000001,1979045.0
788,2014-01-15,1139.0,1150.0,1134.0,1150.0,1013.964478,1568381.0
789,2014-01-16,1155.0,1182.0,1138.0,1141.0,1006.028992,2930919.0
790,2014-01-17,1141.0,1142.0,1122.0,1126.0,992.803406,3099562.0
791,2014-01-20,1124.0,1155.0,1124.0,1130.0,996.330017,1760585.0
792,2014-01-21,1130.0,1143.0,1122.0,1143.0,1007.7924800000001,2050668.0
793,2014-01-22,1141.0,1151.0,1138.75,1143.0,1007.7924800000001,1643171.0
794,2014-01-23,1144.0,1148.0,1119.0,1124.0,991.0397949999999,1829149.0
795,2014-01-24,1127.0,1130.0,1068.0,1072.0,945.191101,4786913.0
796,2014-01-27,1068.0,1076.0,1047.0,1060.0,934.6105349999999,2978703.0
797,2014-01-28,1064.0,1074.0,1056.0,1073.0,946.072815,1782692.0
798,2014-01-29,1083.0,1087.0,1052.0,1058.0,932.847412,3084606.0
799,2014-01-30,1055.0,1058.0,1037.0,1039.0,916.094666,3679510.0
800,2014-01-31,1041.0,1042.0,1032.0,1040.0,916.97644,3189652.0
801,2014-02-03,1038.0,1060.199951,1038.0,1053.0,928.4386599999999,2970125.0
802,2014-02-04,1050.0,1060.0,1046.0,1052.0,927.557068,2891204.0
803,2014-02-05,1050.0,1057.300049,1043.4780269999999,1048.0,924.0299679999999,1856747.0
804,2014-02-06,1053.0,1065.0,1047.0,1063.0,937.255737,1647316.0
805,2014-02-07,1064.0,1079.44104,1064.0,1075.0,947.836121,1712718.0
806,2014-02-10,1077.0,1079.0,1064.0,1069.0,942.545959,1404451.0
807,2014-02-11,1070.0,1089.0,1069.015991,1089.0,960.180115,1396457.0
808,2014-02-12,1090.0,1093.0,1080.0,1081.0,953.126587,1478109.0
809,2014-02-13,1081.0,1085.0,1073.0,1077.0,949.599548,1748019.0
810,2014-02-14,1075.0,1081.0,1065.0,1069.0,942.545959,4187732.0
811,2014-02-17,1067.0,1081.131958,1067.0,1078.0,950.4812619999999,3414632.0
812,2014-02-18,1083.0,1093.0,1077.0,1089.0,960.180115,1950635.0
813,2014-02-19,1087.0,1106.0,1087.0,1095.0,965.470337,1387908.0
814,2014-02-20,1088.0,1095.0,1081.131958,1094.0,964.588501,3078292.0
815,2014-02-21,1098.0,1107.0,1090.0,1100.0,969.878845,3108286.0
816,2014-02-24,1101.0,1114.0,1097.0,1111.0,979.577698,1842057.0
817,2014-02-25,1108.0,1116.0,1096.0,1112.0,980.45929,2861497.0
818,2014-02-26,1112.0,1120.0,1106.0,1106.0,975.1693119999999,1789239.0
819,2014-02-27,1103.0,1106.0,1086.0,1098.0,968.115417,1551081.0
820,2014-02-28,1100.0,1108.0,1070.0,1081.0,953.126587,3696030.0
821,2014-03-03,1069.0,1081.5,1060.0,1078.0,950.4812619999999,2246435.0
822,2014-03-04,1085.0,1106.0,1085.0,1102.0,971.642334,1831078.0
823,2014-03-05,1100.0,1100.0,1070.0,1071.0,944.3093259999999,2739577.0
824,2014-03-06,1072.0,1077.0,1063.0,1069.0,942.545959,2227803.0
825,2014-03-07,1067.0,1068.0,1043.0,1046.0,922.2667240000001,4050544.0
826,2014-03-10,1046.0,1047.0,1020.0,1043.0,919.6215210000001,3041581.0
827,2014-03-11,1042.0,1054.0,1038.0,1047.0,923.148438,2208832.0
828,2014-03-12,1046.0,1048.0,1034.0,1039.0,916.094666,2457571.0
829,2014-03-13,1042.0,1044.0,1027.0,1032.0,909.922791,2500576.0
830,2014-03-14,1028.0,1049.0,1025.0,1045.0,921.385071,2680265.0
831,2014-03-17,1044.0,1056.0,1044.0,1055.0,930.2020869999999,3522641.0
832,2014-03-18,1052.0,1073.0,1047.5,1071.0,944.3093259999999,2853496.0
833,2014-03-19,1071.0,1071.0,1062.0,1065.0,939.0191039999999,1544674.0
834,2014-03-20,1058.0,1060.0,1045.0,1057.0,931.965515,1733480.0
835,2014-03-21,1060.0,1064.0,1053.0,1063.0,937.255737,3286213.0
836,2014-03-24,1063.0,1070.0,1046.0,1047.0,923.148438,2408040.0
837,2014-03-25,1048.0,1064.2769779999999,1048.0,1054.0,929.320251,1712058.0
838,2014-03-26,1058.0,1077.0,1055.0,1074.0,946.954468,1912012.0
839,2014-03-27,1072.0,1078.017944,1064.5,1077.0,949.599548,1516216.0
840,2014-03-28,1083.0,1097.0,1082.109985,1093.0,963.70697,2169320.0
841,2014-03-31,1095.0,1101.0,1079.0,1081.0,953.126587,2105337.0
842,2014-04-01,1085.0,1094.0,1080.0,1089.0,960.180115,1658167.0
843,2014-04-02,1094.0,1100.0,1089.0,1094.0,964.588501,1117982.0
844,2014-04-03,1094.0,1097.0,1079.0,1080.0,952.2448119999999,1168683.0
845,2014-04-04,1085.0,1088.529053,1078.0,1083.0,954.8900150000001,1917949.0
846,2014-04-07,1077.0,1080.280029,1060.0,1064.0,938.1374509999999,1328786.0
847,2014-04-08,1060.0,1061.0,1035.0,1050.0,925.79364,2438675.0
848,2014-04-09,1051.0,1076.0,1047.209961,1076.0,948.7179570000001,2174639.0
849,2014-04-10,1082.0,1085.0,1071.0,1077.0,949.599548,1185503.0
850,2014-04-11,1067.0,1072.0,1045.0,1058.0,932.847412,1348008.0
851,2014-04-14,1055.0,1063.0,1048.0,1054.0,929.320251,1312712.0
852,2014-04-15,1053.0,1063.0,1043.0,1052.0,927.557068,1196389.0
853,2014-04-16,1058.0,1078.0,1057.0,1073.0,946.072815,1613046.0
854,2014-04-17,1076.0,1081.0,1069.0,1081.0,953.126587,1261493.0
855,2014-04-22,1086.0,1115.0,1081.0,1107.0,976.050781,1626005.0
856,2014-04-23,1109.0,1130.0,1107.0,1127.0,993.685059,2253467.0
857,2014-04-24,1135.0,1135.0,1121.0,1133.0,998.975342,1632487.0
858,2014-04-25,1127.0,1132.2810060000002,1120.0,1125.0,991.921631,1457329.0
859,2014-04-28,1130.0,1130.0,1118.0,1125.0,991.921631,3049670.0
860,2014-04-29,1129.0,1143.0,1129.0,1140.0,1005.1470949999999,2042568.0
861,2014-04-30,1139.0,1139.0,1123.0,1136.0,1001.6206050000001,2970378.0
862,2014-05-01,1144.0,1150.140015,1133.0,1135.0,1000.7387699999999,857719.0
863,2014-05-02,1135.0,1137.280029,1120.0,1124.0,991.0397949999999,1982948.0
864,2014-05-06,1128.0,1137.0,1120.0,1134.0,999.857178,1649513.0
865,2014-05-07,1100.0,1100.0,1053.0,1060.0,934.6105349999999,3701811.0
866,2014-05-08,1059.0,1068.0,1054.0,1062.0,936.3739619999999,3619887.0
867,2014-05-09,1063.0,1063.0,1046.0,1049.0,924.911926,1637499.0
868,2014-05-12,1051.0,1060.5,1047.0,1057.0,931.965515,2070426.0
869,2014-05-13,1064.0,1070.287964,1056.0,1065.0,939.0191039999999,2902879.0
870,2014-05-14,1076.0,1083.0,1069.0,1083.0,954.8900150000001,2218977.0
871,2014-05-15,1084.0,1084.0,1048.5,1055.0,930.2020869999999,2311293.0
872,2014-05-16,1059.0,1059.0,1034.0,1040.0,916.97644,3337900.0
873,2014-05-19,1039.0,1044.0,1025.0,1032.0,909.922791,3797150.0
874,2014-05-20,1034.0,1037.0,1023.0,1024.0,902.869141,2280312.0
875,2014-05-21,1026.0,1030.0,1021.0,1025.0,903.750916,1676072.0
876,2014-05-22,1026.0,1028.0,1022.0,1024.0,902.869141,2608794.0
877,2014-05-23,1024.0,1025.0,1018.0,1022.0,901.105713,1580992.0
878,2014-05-27,1028.0,1030.0,1021.0,1023.0,901.9873660000001,1908872.0
879,2014-05-28,1024.0,1036.069946,1022.0,1035.0,912.567932,2896801.0
880,2014-05-29,1039.0,1043.0,1036.0,1040.0,916.97644,1548389.0
881,2014-05-30,1037.0,1042.0,1030.0,1037.0,914.33136,4007295.0
882,2014-06-02,1041.0,1043.0,1031.900024,1040.0,916.97644,2261252.0
883,2014-06-03,1038.0,1041.0,1023.0,1036.0,913.4496460000001,3897810.0
884,2014-06-04,1033.0,1040.0,1030.0,1035.0,912.567932,2219718.0
885,2014-06-05,1033.0,1038.0,1023.0,1032.0,909.922791,2425785.0
886,2014-06-06,1028.0,1052.0,1027.0,1050.0,925.79364,2793248.0
887,2014-06-09,1055.0,1061.300049,1050.0,1055.0,930.2020869999999,1602100.0
888,2014-06-10,1056.0,1057.0,1045.0,1054.0,929.320251,1250038.0
889,2014-06-11,1050.0,1057.900024,1046.0,1049.0,924.911926,2035994.0
890,2014-06-12,1050.0,1050.0,1037.0,1044.0,920.503418,1560581.0
891,2014-06-13,1041.0,1042.0,1017.0,1028.0,906.395935,2130563.0
892,2014-06-16,1023.0,1027.0,1005.0,1005.0,886.11676,2655184.0
893,2014-06-17,1005.0,1008.0,998.0,1002.0,883.4714970000001,2837414.0
894,2014-06-18,1003.0,1007.0,995.5,1000.0,881.7081300000001,2044629.0
895,2014-06-19,1008.0,1012.0,1002.0,1003.0,884.3532710000001,1888254.0
896,2014-06-20,998.0,1013.0,998.0,1005.0,886.11676,4077698.0
897,2014-06-23,1002.0,1005.0,994.5,998.5,880.3854980000001,1594845.0
898,2014-06-24,998.5,1005.0,988.5,990.5,873.33197,1870456.0
899,2014-06-25,970.0,979.0,962.5,968.5,867.204468,2440342.0
900,2014-06-26,969.5,977.5,962.0,977.0,874.8153689999999,2003897.0
901,2014-06-27,980.0,988.0,976.5,985.5,882.4265140000001,1987457.0
902,2014-06-30,983.5,990.0,983.5,988.0,884.664917,2400673.0
903,2014-07-01,988.0,989.0,984.0,985.5,882.4265140000001,2155092.0
904,2014-07-02,985.5,991.5,984.0,986.0,882.874084,2031178.0
905,2014-07-03,986.0,1009.6199949999999,985.0,1003.0,898.0960689999999,3130953.0
906,2014-07-04,1006.0,1033.619995,1001.2199710000001,1021.0,914.213501,1723012.0
907,2014-07-07,1018.0,1020.7800289999999,1006.0,1006.0,900.782166,1753154.0
908,2014-07-08,1012.0,1013.317993,996.5,996.5,892.275818,2336314.0
909,2014-07-09,995.5,1000.0,990.0,997.0,892.7236330000001,2309076.0
910,2014-07-10,993.5,1006.0,993.5,1003.0,898.0960689999999,2695425.0
911,2014-07-11,1001.0,1032.0,1001.0,1021.0,914.213501,4612569.0
912,2014-07-14,1025.0,1041.099976,1025.0,1036.0,927.644653,1441491.0
913,2014-07-15,1033.0,1038.0,1021.0,1029.0,921.376709,2555924.0
914,2014-07-16,1030.0,1037.359985,1022.0,1027.0,919.585938,1435060.0
915,2014-07-17,1022.0,1032.0,1018.0,1028.0,920.4812619999999,1342486.0
916,2014-07-18,1026.0,1033.0,1014.0,1033.0,924.958374,1632845.0
917,2014-07-21,1033.0,1033.0,1022.0,1026.0,918.6904910000001,1574395.0
918,2014-07-22,1033.0,1040.930054,1030.209961,1038.0,929.435364,1801482.0
919,2014-07-23,1036.0,1041.0,1029.0,1029.0,921.376709,1370319.0
920,2014-07-24,1027.0,1039.0,1021.0,1039.0,930.3308720000001,1652790.0
921,2014-07-25,1034.0,1037.719971,1030.0,1031.0,923.167542,1648769.0
922,2014-07-28,1032.0,1041.0,1024.0,1029.0,921.376709,1562574.0
923,2014-07-29,1032.0,1043.0,1029.0,1035.0,926.7492070000001,899019.0
924,2014-07-30,1033.0,1040.0,1027.0,1032.0,924.063049,1260305.0
925,2014-07-31,1030.0,1032.0,1016.0,1017.0,910.631775,4394081.0
926,2014-08-01,1016.0,1022.0,1001.0,1009.0,903.468567,2842760.0
927,2014-08-04,1010.0,1014.0,1003.0,1008.0,902.573059,1092426.0
928,2014-08-05,1009.0,1015.0,1009.0,1012.0,906.154724,1047768.0
929,2014-08-06,1009.0,1010.9660029999999,999.0,1000.0,895.409851,1917299.0
930,2014-08-07,997.0,1008.0,993.5,1002.0,897.200684,1342517.0
931,2014-08-08,993.0,1005.0,988.5,1001.0,896.305298,1519718.0
932,2014-08-11,1007.0,1016.0,1003.3599849999999,1011.0,905.259277,1669612.0
933,2014-08-12,1009.0,1017.0,1009.0,1015.0,908.840942,1229582.0
934,2014-08-13,1017.0,1027.0,1014.0,1019.0,912.4226679999999,1149765.0
935,2014-08-14,1019.0,1028.0,1014.0,1022.0,915.108826,1149717.0
936,2014-08-15,1022.0,1040.0,1017.0,1032.0,924.063049,1451449.0
937,2014-08-18,1036.0,1048.0,1035.0,1044.0,934.8078,1060157.0
938,2014-08-19,1045.0,1056.0,1044.0,1044.0,934.8078,1006545.0
939,2014-08-20,1046.0,1046.0,1027.0,1027.0,919.585938,2085134.0
940,2014-08-21,1026.0,1041.0,1026.0,1040.0,931.226135,1502594.0
941,2014-08-22,1040.0,1041.0,1028.5820310000001,1035.0,926.7492070000001,1481903.0
942,2014-08-26,1040.0,1049.0,1034.0,1049.0,939.285034,2143522.0
943,2014-08-27,1049.0,1056.0,1047.0,1052.0,941.9712519999999,1552381.0
944,2014-08-28,1050.0,1053.0,1044.0,1046.0,936.5985720000001,1367262.0
945,2014-08-29,1047.0,1053.0,1039.0,1048.0,938.3895869999999,1680624.0
946,2014-09-01,1043.0,1055.0,1042.0,1053.0,942.866516,995214.0
947,2014-09-02,1054.0,1056.0,1049.0,1053.0,942.866516,1557184.0
948,2014-09-03,1054.0,1077.359985,1054.0,1075.0,962.5656130000001,1827261.0
949,2014-09-04,1070.0,1074.5,1063.0,1070.0,958.0885619999999,1468055.0
950,2014-09-05,1072.0,1083.0,1071.0,1073.0,960.774841,1545544.0
951,2014-09-08,1070.0,1073.0,1059.0,1070.0,958.0885619999999,1134070.0
952,2014-09-09,1068.0,1078.0,1065.0,1071.0,958.9837039999999,1038721.0
953,2014-09-10,1066.0,1075.0,1061.0,1071.0,958.9837039999999,1108795.0
954,2014-09-11,1074.0,1079.0,1056.0,1061.0,950.0298460000001,1201555.0
955,2014-09-12,1062.0,1069.0,1060.0,1066.0,954.5068970000001,1315245.0
956,2014-09-15,1057.0,1063.52002,1051.0,1052.0,941.9712519999999,1333126.0
957,2014-09-16,1050.0,1050.0,1035.0,1042.0,933.0170289999999,1725560.0
958,2014-09-17,1045.0,1049.0,1037.0,1038.0,929.435364,2327453.0
959,2014-09-18,1040.0,1044.0,1034.0,1036.0,927.644653,2847733.0
960,2014-09-19,1043.0,1047.328979,1035.0,1036.0,927.644653,3335036.0
961,2014-09-22,1035.0,1040.0,1030.0,1037.0,928.5400390000001,2680021.0
962,2014-09-23,1038.0,1038.0,1015.0,1018.0,911.527161,1834735.0
963,2014-09-24,1015.0,1024.0,1013.0,1019.0,912.4226679999999,1700966.0
964,2014-09-25,1015.0,1016.76001,998.0,1001.0,896.305298,2837923.0
965,2014-09-26,1000.0,1004.0,990.5,995.0,890.9328609999999,2008179.0
966,2014-09-29,993.0,996.5,985.0,986.0,882.874084,3766042.0
967,2014-09-30,986.5,991.0,982.0,983.5,880.635559,2628368.0
968,2014-10-01,981.5,984.0,967.5,968.0,866.7566529999999,2014393.0
969,2014-10-02,963.5,966.0,952.5,952.5,852.8778689999999,3590502.0
970,2014-10-03,956.0,957.5,947.8599849999999,954.0,854.2210689999999,2023994.0
971,2014-10-06,960.0,977.0,958.0,973.5,871.681458,3933041.0
972,2014-10-07,972.5,972.5,954.5,954.5,854.6687009999999,2391853.0
973,2014-10-08,949.5,952.5,932.5,943.5,844.8191529999999,2593889.0
974,2014-10-09,952.0,954.0,932.0,937.0,838.9991460000001,2693048.0
975,2014-10-10,930.5,940.5,926.0,937.0,838.9991460000001,2675488.0
976,2014-10-13,927.5,946.5,927.0,940.5,842.132996,2650931.0
977,2014-10-14,932.5,943.5,926.0,941.5,843.028442,1883328.0
978,2014-10-15,945.0,951.0,928.5,930.0,832.7312009999999,3108241.0
979,2014-10-16,935.0,945.0,912.0,938.5,840.342224,3798668.0
980,2014-10-17,939.5,941.0,925.0,935.5,837.655823,3066419.0
981,2014-10-20,933.0,936.0,919.0,919.5,823.3292240000001,2923725.0
982,2014-10-21,919.0,933.5,910.5,933.5,835.8651120000001,3363022.0
983,2014-10-22,934.5,935.5,928.0,933.0,835.417358,2360102.0
984,2014-10-23,933.0,936.88501,922.5,932.5,834.9697269999999,1692855.0
985,2014-10-24,932.5,932.5,919.5,922.0,825.56781,1334299.0
986,2014-10-27,927.5,928.0,909.9500119999999,916.0,820.195374,2840301.0
987,2014-10-28,920.0,925.5,914.0,924.5,827.806458,2187208.0
988,2014-10-29,930.0,949.0,928.0,946.5,847.505249,2761583.0
989,2014-10-30,944.5,944.5,928.5,937.0,838.9991460000001,2203472.0
990,2014-10-31,945.0,945.5,933.5,938.5,840.342224,3053904.0
991,2014-11-03,940.0,941.5,928.5,930.5,833.178772,2722912.0
992,2014-11-04,918.5,925.0,913.7000119999999,923.0,826.463196,2868803.0
993,2014-11-05,920.0,942.5,920.0,940.0,841.685242,2732606.0
994,2014-11-06,944.0,1004.0,944.0,999.5,894.9620970000001,5083035.0
995,2014-11-07,1009.0,1033.510986,1009.0,1021.0,914.213501,3980145.0
996,2014-11-10,1021.0,1026.0,1018.0,1022.0,915.108826,2805223.0
997,2014-11-11,1020.0,1020.0,1011.0,1013.0,907.0501710000001,2103838.0
998,2014-11-12,1013.0,1016.0,994.5,994.5,890.4851070000001,2713709.0
999,2014-11-13,999.5,1002.0,989.5,993.5,889.589722,3896824.0
1000,2014-11-14,993.5,996.5,986.5,989.0,885.560425,2932452.0
1001,2014-11-17,984.5,988.5,976.0,982.5,879.740112,2133979.0
1002,2014-11-18,987.5,993.0,983.5,985.0,881.978821,1948090.0
1003,2014-11-19,985.5,999.0599980000001,976.5,998.0,893.619141,9374102.0
1004,2014-11-20,1001.0,1003.0,984.5,991.0,887.3511960000001,1508316.0
1005,2014-11-21,990.5,1003.0,986.0,995.0,890.9328609999999,1814516.0
1006,2014-11-24,998.5,1011.0,990.0,1001.0,896.305298,2041842.0
1007,2014-11-25,1001.0,1011.0,998.5,1008.0,902.573059,1866573.0
1008,2014-11-26,1010.0,1016.0,1002.3599849999999,1013.0,907.0501710000001,1870004.0
1009,2014-11-27,1012.0,1018.6710210000001,1009.0,1018.0,911.527161,1699629.0
1010,2014-11-28,1021.0,1025.0,1004.0,1013.0,907.0501710000001,1458203.0
1011,2014-12-01,1007.0,1012.0,1000.0,1005.0,899.88678,1198152.0
1012,2014-12-02,1015.0,1051.0,1015.0,1049.0,939.285034,3637626.0
1013,2014-12-03,1045.0,1064.0,1045.0,1058.0,947.343628,2060273.0
1014,2014-12-04,1061.0,1077.0,1060.0,1061.0,950.0298460000001,1960363.0
1015,2014-12-05,1065.0,1068.0,1047.2540279999998,1055.0,944.6574099999999,1856287.0
1016,2014-12-08,1052.0,1061.0,1050.079956,1057.0,946.4482419999999,5481785.0
1017,2014-12-09,1052.0,1057.0,1037.0,1040.0,931.226135,2171959.0
1018,2014-12-10,1042.0,1049.0,1029.0,1034.0,925.853821,2319851.0
1019,2014-12-11,1030.0,1034.0,1013.0,1028.0,920.4812619999999,1814136.0
1020,2014-12-12,1024.0,1028.0,1006.0,1009.0,903.468567,3318876.0
1021,2014-12-15,1004.0,1020.0,1001.0,1005.0,899.88678,2202199.0
1022,2014-12-16,1005.0,1044.119995,1004.0,1043.0,933.912476,3316086.0
1023,2014-12-17,1037.0,1052.0,1035.0,1047.0,937.494019,2123344.0
1024,2014-12-18,1056.0,1086.0,1050.0,1082.0,968.8334960000001,3103338.0
1025,2014-12-19,1088.0,1102.0,1074.0,1088.0,974.2058720000001,3112284.0
1026,2014-12-22,1095.0,1109.0,1091.0,1094.0,979.578308,2083765.0
1027,2014-12-23,1100.0,1111.0,1099.0,1103.0,987.637085,1940692.0
1028,2014-12-29,1105.0,1106.0,1095.0,1103.0,987.637085,2012632.0
1029,2014-12-30,1101.0,1105.0,1082.0,1088.0,974.2058720000001,1775095.0
1030,2015-01-02,1109.0,1114.0,1086.0,1095.0,980.4738769999999,1971799.0
1031,2015-01-05,1093.0,1109.0,1068.0,1071.0,958.9837039999999,2100317.0
1032,2015-01-06,1070.0,1071.0,1044.0,1046.0,936.5985720000001,3718139.0
1033,2015-01-07,1052.0,1073.0,1046.0,1071.0,958.9837039999999,2504725.0
1034,2015-01-08,1081.0,1092.0,1077.640015,1091.0,976.89209,1720005.0
1035,2015-01-09,1091.0,1105.0,1086.0,1093.0,978.6828609999999,2199348.0
1036,2015-01-12,1096.0,1101.0,1082.0,1090.0,975.9967039999999,1822731.0
1037,2015-01-13,1083.0,1093.0,1080.0,1087.0,973.310547,1677724.0
1038,2015-01-14,1074.0,1086.0,1058.0,1065.0,953.611389,2866986.0
1039,2015-01-15,1070.0,1122.0,1070.0,1121.0,1003.754517,4071525.0
1040,2015-01-16,1118.0,1167.0,1109.215942,1145.0,1025.244385,3642652.0
1041,2015-01-19,1143.0,1157.0,1136.849976,1155.0,1034.198364,2386526.0
1042,2015-01-20,1160.0,1173.0,1145.640015,1169.0,1046.734009,2790562.0
1043,2015-01-21,1167.0,1173.0,1159.0,1162.0,1040.466309,2207752.0
1044,2015-01-22,1168.0,1168.0,1156.0,1163.0,1041.361572,2733710.0
1045,2015-01-23,1146.0,1164.0,1146.0,1162.0,1040.466309,2245360.0
1046,2015-01-26,1157.0,1183.0,1153.0,1181.0,1057.4790039999998,1810666.0
1047,2015-01-27,1177.0,1187.0,1155.0,1165.0,1043.1523439999999,1736094.0
1048,2015-01-28,1178.0,1222.0,1176.75,1184.0,1060.165161,3216702.0
1049,2015-01-29,1182.0,1206.0,1179.0,1183.0,1059.269775,3300805.0
1050,2015-01-30,1188.0,1194.0,1159.0,1173.0,1050.315674,3300307.0
1051,2015-02-02,1171.0,1176.411011,1157.0,1168.0,1045.838745,1974353.0
1052,2015-02-03,1168.0,1192.0,1163.0,1185.0,1061.060669,2266964.0
1053,2015-02-04,1187.0,1189.0,1174.4730220000001,1185.0,1061.060669,2120545.0
1054,2015-02-05,1180.0,1195.0,1179.0,1194.0,1069.119507,1652248.0
1055,2015-02-06,1194.0,1201.0,1187.849976,1190.0,1065.5375980000001,1609836.0
1056,2015-02-09,1188.0,1191.0,1170.0,1185.0,1061.060669,1781505.0
1057,2015-02-10,1184.0,1206.0,1181.0,1187.0,1062.8514400000001,2123371.0
1058,2015-02-11,1187.0,1202.0,1180.0,1190.0,1065.5375980000001,2176592.0
1059,2015-02-12,1187.0,1199.0,1186.727051,1199.0,1073.596313,1479108.0
1060,2015-02-13,1204.0,1206.0,1195.0,1198.0,1072.701172,1541941.0
1061,2015-02-16,1196.0,1203.0,1180.0,1181.0,1057.4790039999998,1267600.0
1062,2015-02-17,1179.0,1193.0,1169.0,1181.0,1057.4790039999998,1888363.0
1063,2015-02-18,1181.0,1190.0,1174.0,1190.0,1065.5375980000001,1557463.0
1064,2015-02-19,1192.0,1199.0,1186.0,1192.0,1067.3286130000001,1847466.0
1065,2015-02-20,1193.0,1194.0,1187.0,1190.0,1065.5375980000001,1829158.0
1066,2015-02-23,1196.0,1202.0,1193.0,1199.0,1073.596313,1242275.0
1067,2015-02-24,1205.0,1206.0,1193.0,1196.0,1070.910034,943448.0
1068,2015-02-25,1191.0,1197.0,1176.0,1180.0,1056.583618,1506965.0
1069,2015-02-26,1180.0,1201.0,1175.0,1198.0,1072.701172,1249963.0
1070,2015-02-27,1201.0,1216.0,1195.0,1198.0,1072.701172,1446744.0
1071,2015-03-02,1195.0,1212.0,1195.0,1203.0,1077.1779789999998,1577250.0
1072,2015-03-03,1208.0,1211.0,1180.0,1180.0,1056.583618,1259460.0
1073,2015-03-04,1183.0,1183.0,1161.0,1174.0,1051.211182,1804825.0
1074,2015-03-05,1173.0,1195.0,1173.0,1194.0,1069.119507,1132533.0
1075,2015-03-06,1190.0,1195.0,1180.0,1187.0,1062.8514400000001,953416.0
1076,2015-03-09,1183.0,1188.0,1158.0,1160.0,1038.675293,1598777.0
1077,2015-03-10,1160.0,1162.0,1133.0,1134.0,1015.394714,2566395.0
1078,2015-03-11,1150.0,1150.0,1135.0,1139.0,1019.8718259999999,2535494.0
1079,2015-03-12,1147.0,1157.36499,1134.0,1142.0,1022.558167,2343253.0
1080,2015-03-13,1148.0,1151.0,1128.0,1130.0,1011.8132320000001,2296807.0
1081,2015-03-16,1137.0,1137.0,1100.0,1115.0,998.3818970000001,3496927.0
1082,2015-03-17,1116.0,1131.0,1107.900024,1128.0,1010.0224,2207124.0
1083,2015-03-18,1129.0,1139.0,1119.900024,1137.0,1018.0810550000001,2606605.0
1084,2015-03-19,1139.0,1154.0,1125.0,1130.0,1011.8132320000001,2849102.0
1085,2015-03-20,1129.0,1149.0,1129.0,1143.0,1023.453369,2223871.0
1086,2015-03-23,1147.0,1157.0,1141.0,1148.0,1027.93042,1769950.0
1087,2015-03-24,1148.0,1165.0,1143.0,1156.0,1035.0939939999998,2862044.0
1088,2015-03-25,1155.0,1156.0,1135.0,1141.0,1021.6625369999999,1702250.0
1089,2015-03-26,1137.0,1149.0,1127.0,1131.0,1012.7084960000001,2640753.0
1090,2015-03-27,1129.0,1134.0,1124.0,1125.0,1007.3363039999999,2681956.0
1091,2015-03-30,1136.0,1136.0,1115.0,1121.0,1003.754517,2910322.0
1092,2015-03-31,1124.0,1140.224976,1117.0,1117.0,1000.172791,3509349.0
1093,2015-04-01,1116.0,1127.0,1096.0,1121.0,1003.754517,2495443.0
1094,2015-04-02,1120.0,1131.0,1108.0,1130.0,1011.8132320000001,1708400.0
1095,2015-04-07,1137.0,1156.0,1132.0,1150.0,1029.721313,1952200.0
1096,2015-04-08,1178.0,1190.0,1174.0,1181.0,1057.4790039999998,2853266.0
1097,2015-04-09,1190.0,1193.0,1177.5,1182.0,1058.3745119999999,1578582.0
1098,2015-04-10,1181.0,1195.0,1181.0,1193.0,1068.223999,1675598.0
1099,2015-04-13,1190.0,1193.0,1173.5,1177.0,1053.897339,560754.0
1100,2015-04-14,1172.0,1187.0,1172.0,1180.0,1056.583618,1597933.0
1101,2015-04-15,1180.0,1188.25,1164.25,1187.0,1062.8514400000001,1709786.0
1102,2015-04-16,1193.0,1193.0,1174.0,1180.0,1056.583618,5745021.0
1103,2015-04-17,1175.0,1190.25,1169.0,1181.0,1057.4790039999998,2408986.0
1104,2015-04-20,1182.0,1195.0,1182.0,1190.0,1065.5375980000001,1800566.0
1105,2015-04-21,1193.0,1209.0,1192.0,1203.0,1077.1779789999998,2016676.0
1106,2015-04-22,1208.0,1213.0,1189.0,1192.0,1067.3286130000001,1838921.0
1107,2015-04-23,1190.0,1217.0,1190.0,1204.0,1078.073486,2619730.0
1108,2015-04-24,1202.0,1212.0,1185.0,1190.0,1065.5375980000001,4657560.0
1109,2015-04-27,1192.0,1198.0,1170.0,1197.0,1071.805664,2042167.0
1110,2015-04-28,1195.0,1202.5,1183.0,1189.0,1064.642578,3100001.0
1111,2015-04-29,1197.0,1199.0,1170.0,1171.0,1048.5251460000002,1875142.0
1112,2015-04-30,1171.0,1171.25,1144.5,1168.0,1045.838745,2717241.0
1113,2015-05-01,1156.0,1165.0,1150.0,1161.0,1039.570801,851197.0
1114,2015-05-05,1171.0,1182.0,1150.0,1150.0,1029.721313,1414675.0
1115,2015-05-06,1146.0,1153.0,1143.0,1146.0,1026.139648,2394744.0
1116,2015-05-07,1141.0,1145.0,1119.0,1137.0,1018.0810550000001,2388693.0
1117,2015-05-08,1150.0,1164.0,1148.0,1156.0,1035.0939939999998,3406379.0
1118,2015-05-11,1158.0,1177.0,1157.5,1177.0,1053.897339,2607675.0
1119,2015-05-12,1179.0,1217.0,1156.0,1214.0,1087.027466,4108652.0
1120,2015-05-13,1216.0,1225.0,1204.0,1218.0,1090.6092529999999,2893434.0
1121,2015-05-14,1218.0,1235.0,1204.9470210000002,1225.0,1096.877197,3242296.0
1122,2015-05-15,1230.0,1232.0,1218.0,1226.0,1097.772583,2625152.0
1123,2015-05-18,1231.0,1231.259033,1218.0,1225.0,1096.877197,2242762.0
1124,2015-05-19,1234.0,1255.0,1230.0,1250.0,1119.262329,2114654.0
1125,2015-05-20,1251.0,1255.0,1240.0,1248.0,1117.471436,2209771.0
1126,2015-05-21,1246.0,1249.0,1240.0,1244.0,1113.890015,2333367.0
1127,2015-05-22,1249.0,1249.0,1240.0,1247.0,1116.57605,3175582.0
1128,2015-05-26,1250.0,1253.0,1230.0,1235.0,1105.831177,2035199.0
1129,2015-05-27,1236.0,1243.0,1231.0,1239.0,1109.412842,2496043.0
1130,2015-05-28,1239.0,1256.0,1239.0,1255.0,1123.739136,2705907.0
1131,2015-05-29,1255.0,1264.0,1241.0,1246.0,1115.68042,2331224.0
1132,2015-06-01,1248.0,1261.0,1237.0,1238.0,1108.517822,2693800.0
1133,2015-06-02,1246.0,1247.0,1226.0,1226.0,1097.772583,2501856.0
1134,2015-06-03,1229.0,1238.0,1223.0,1233.0,1104.040161,2181878.0
1135,2015-06-04,1232.0,1238.0,1224.0,1224.0,1095.981812,2723223.0
1136,2015-06-05,1214.0,1214.0,1189.0,1207.0,1080.759888,2585195.0
1137,2015-06-08,1204.0,1226.0,1203.0,1218.0,1090.6092529999999,2186306.0
1138,2015-06-09,1219.0,1224.0,1209.0,1218.0,1090.6092529999999,2424159.0
1139,2015-06-10,1215.0,1232.0,1214.0,1230.0,1101.354248,2728144.0
1140,2015-06-11,1226.0,1238.0,1226.0,1236.0,1106.7266849999999,1761926.0
1141,2015-06-12,1230.0,1243.0,1225.0,1229.0,1100.458618,1666474.0
1142,2015-06-15,1223.0,1223.0,1208.0,1210.0,1083.445923,1796722.0
1143,2015-06-16,1208.0,1217.0,1196.349976,1214.0,1087.027466,1618897.0
1144,2015-06-17,1219.0,1230.0,1179.0,1179.0,1055.6879880000001,2861465.0
1145,2015-06-18,1177.0,1183.0,1172.0,1181.0,1057.4790039999998,2405620.0
1146,2015-06-19,1185.0,1194.0,1182.0,1187.0,1062.8514400000001,3250958.0
1147,2015-06-22,1206.0,1220.0,1198.640015,1218.0,1090.6092529999999,3251794.0
1148,2015-06-23,1224.0,1229.0,1212.349976,1218.0,1090.6092529999999,1781277.0
1149,2015-06-24,1216.0,1220.0,1204.0,1210.0,1083.445923,3679716.0
1150,2015-06-25,1194.0,1207.0,1186.0,1204.0,1093.714966,2442952.0
1151,2015-06-26,1197.0,1201.0,1184.0,1193.0,1083.7224119999998,2218569.0
1152,2015-06-29,1159.0,1185.0,1155.0,1175.0,1067.371216,2823287.0
1153,2015-06-30,1169.0,1172.640015,1157.0,1159.0,1052.836914,2493870.0
1154,2015-07-01,1168.0,1189.0,1167.0,1177.0,1069.18811,2683673.0
1155,2015-07-02,1176.0,1182.0,1170.650024,1178.0,1070.096558,3238488.0
1156,2015-07-03,1180.0,1186.0,1169.0,1171.0,1063.737793,1390994.0
1157,2015-07-06,1160.0,1164.0,1147.0,1151.0,1045.569458,2139030.0
1158,2015-07-07,1150.0,1152.0,1136.0,1139.0,1034.668701,2822356.0
1159,2015-07-08,1144.0,1144.0,1128.0,1129.0,1025.584839,2774770.0
1160,2015-07-09,1132.0,1158.0,1129.0,1157.0,1051.02002,2533031.0
1161,2015-07-10,1170.0,1194.0,1167.0,1190.0,1080.997192,2712335.0
1162,2015-07-13,1199.0,1206.0,1193.0,1204.0,1093.714966,1915557.0
1163,2015-07-14,1207.0,1211.0,1195.0,1200.0,1090.081299,1197624.0
1164,2015-07-15,1203.0,1204.0,1198.0,1202.0,1091.898071,1795234.0
1165,2015-07-16,1202.0,1220.359985,1201.0,1217.0,1105.52417,1522598.0
1166,2015-07-17,1218.0,1222.0,1207.0,1222.0,1110.06604,1827541.0
1167,2015-07-20,1201.0,1231.0,1200.75,1225.0,1112.7915039999998,1735070.0
1168,2015-07-21,1229.0,1231.0,1212.0,1218.0,1106.432495,1857315.0
1169,2015-07-22,1210.0,1212.0,1179.0,1182.0,1073.7301029999999,3548658.0
1170,2015-07-23,1188.0,1198.0,1177.762939,1184.0,1075.5469970000001,2207664.0
1171,2015-07-24,1182.0,1197.0,1181.0,1185.0,1076.4552,2514169.0
1172,2015-07-27,1183.0,1183.0,1149.0,1149.0,1043.752808,2445864.0
1173,2015-07-28,1152.0,1157.0,1144.75,1155.0,1049.203125,2651733.0
1174,2015-07-29,1161.0,1182.0,1161.0,1180.0,1071.913208,2119864.0
1175,2015-07-30,1186.0,1192.150024,1163.0,1176.0,1068.279541,1827770.0
1176,2015-07-31,1184.0,1203.0,1181.75,1201.0,1090.989624,1796154.0
1177,2015-08-03,1195.0,1208.0,1193.5,1204.0,1093.714966,1239208.0
1178,2015-08-04,1201.0,1208.0,1193.5,1203.0,1092.8066410000001,3075256.0
1179,2015-08-05,1204.0,1218.0,1195.0,1216.0,1104.6157230000001,1362394.0
1180,2015-08-06,1212.0,1216.0,1197.0,1199.0,1089.172852,1010038.0
1181,2015-08-07,1200.0,1205.0,1191.0,1191.0,1081.905884,1121337.0
1182,2015-08-10,1200.0,1200.0,1178.0,1197.0,1087.356079,1085547.0
1183,2015-08-11,1191.0,1196.0,1174.0,1174.0,1066.4628910000001,1711500.0
1184,2015-08-12,1166.0,1184.444946,1148.0,1155.0,1049.203125,2249518.0
1185,2015-08-13,1169.0,1173.0,1157.0,1157.0,1051.02002,1798960.0
1186,2015-08-14,1160.0,1166.0,1153.0,1160.0,1053.745239,1632551.0
1187,2015-08-17,1169.0,1170.0,1153.0,1162.0,1055.562134,1478503.0
1188,2015-08-18,1161.0,1163.0,1155.0,1158.0,1051.928467,1817413.0
1189,2015-08-19,1154.0,1154.0,1130.0,1130.0,1026.493164,1674235.0
1190,2015-08-20,1124.0,1128.422974,1119.743042,1122.0,1019.225891,2064455.0
1191,2015-08-21,1107.0,1118.75,1090.0,1090.0,990.1571039999999,1967897.0
1192,2015-08-24,1064.0,1075.0,1023.0,1049.0,952.912842,3742539.0
1193,2015-08-25,1067.0,1093.0,1058.0,1088.0,988.3402710000001,3275860.0
1194,2015-08-26,1076.0,1078.0,1059.0,1064.0,966.538757,3106488.0
1195,2015-08-27,1087.0,1096.0,1078.0,1091.0,991.0655519999999,2248260.0
1196,2015-08-28,1093.0,1109.0,1082.0,1109.0,1007.416626,2598789.0
1197,2015-09-01,1088.0,1101.0,1070.0,1075.0,976.531128,2885245.0
1198,2015-09-02,1078.0,1092.0,1062.0,1075.0,976.531128,2419526.0
1199,2015-09-03,1087.0,1100.0,1081.0,1096.0,995.607605,2673606.0
1200,2015-09-04,1087.0,1090.0,1051.0,1052.0,955.638,3989130.0
1201,2015-09-07,1061.0,1067.400024,1055.0,1060.0,962.9052119999999,1468768.0
1202,2015-09-08,1062.0,1081.0,1062.0,1062.0,964.7219240000001,2027850.0
1203,2015-09-09,1085.0,1086.0,1073.0,1075.0,976.531128,1879046.0
1204,2015-09-10,1066.0,1067.0,1057.0,1059.0,961.9967039999999,2978245.0
1205,2015-09-11,1062.0,1065.0,1040.0,1045.0,949.279175,1696716.0
1206,2015-09-14,1048.0,1057.0,1035.0,1035.0,940.19519,2310102.0
1207,2015-09-15,1045.0,1054.0,1030.0,1053.0,956.5462650000001,2980428.0
1208,2015-09-16,1057.0,1072.0,1057.0,1070.0,971.989075,1973361.0
1209,2015-09-17,1070.0,1072.560059,1060.0,1064.0,966.538757,4112231.0
1210,2015-09-18,1066.0,1067.0,1044.0,1055.0,958.363159,4432274.0
1211,2015-09-21,1051.0,1069.780029,1051.0,1058.0,961.088257,2075393.0
1212,2015-09-22,1055.0,1056.0,1026.0,1031.0,936.5614619999999,2525671.0
1213,2015-09-23,1029.0,1053.0,1029.0,1035.0,940.19519,2358018.0
1214,2015-09-24,1033.0,1039.0,1021.0,1022.0,928.3858640000001,2191125.0
1215,2015-09-25,1040.0,1065.0,1040.0,1061.0,963.8135380000001,2074762.0
1216,2015-09-28,1057.0,1059.0,1037.0,1037.0,942.011902,2318257.0
1217,2015-09-29,1025.0,1040.0,1020.0,1031.0,936.5614619999999,1793682.0
1218,2015-09-30,1049.0,1061.0,1048.0,1058.0,961.088257,2299224.0
1219,2015-10-01,1073.0,1086.0,1068.0,1075.0,976.531128,2387685.0
1220,2015-10-02,1048.0,1048.0,1017.0,1034.0,939.286804,6017916.0
1221,2015-10-05,1055.0,1072.0,1049.874023,1072.0,973.805969,2662880.0
1222,2015-10-06,1073.0,1081.0,1066.244995,1076.0,977.439636,1947051.0
1223,2015-10-07,1087.0,1103.0,1080.0,1084.0,984.706848,3426340.0
1224,2015-10-08,1087.0,1096.0,1076.0,1094.0,993.79071,1628455.0
1225,2015-10-09,1102.0,1113.0,1095.0,1106.0,1004.691467,1428304.0
1226,2015-10-12,1102.0,1116.0,1100.0,1104.0,1002.874817,1345070.0
1227,2015-10-13,1100.0,1106.0,1084.0,1085.0,985.615234,2281369.0
1228,2015-10-14,1081.0,1088.0,1070.782959,1085.0,985.615234,3045615.0
1229,2015-10-15,1090.0,1096.0,1087.0,1092.0,991.973999,1131697.0
1230,2015-10-16,1093.0,1100.0,1082.0,1086.0,986.52356,1655877.0
1231,2015-10-19,1087.0,1100.0,1085.0,1093.0,992.882202,1288621.0
1232,2015-10-20,1098.0,1098.0,1079.0,1090.0,990.1571039999999,1647037.0
1233,2015-10-21,1092.0,1107.0,1089.0,1105.0,1003.78302,1441109.0
1234,2015-10-22,1099.0,1106.0,1085.0,1102.0,1001.058044,2079427.0
1235,2015-10-23,1107.0,1143.0,1107.0,1127.0,1023.7681880000001,2232415.0
1236,2015-10-26,1121.0,1127.0,1114.0,1118.0,1015.592163,1264873.0
1237,2015-10-27,1120.0,1122.0,1111.0,1111.0,1009.2335210000001,1164327.0
1238,2015-10-28,1113.0,1130.0,1108.0,1127.0,1023.7681880000001,1338542.0
1239,2015-10-29,1132.0,1132.0,1107.0,1116.0,1013.775513,2425653.0
1240,2015-10-30,1120.0,1124.0,1105.0,1108.0,1006.5083619999999,1592948.0
1241,2015-11-02,1103.0,1118.0,1099.0,1114.0,1011.958618,1445796.0
1242,2015-11-03,1118.0,1126.0,1114.0,1126.0,1022.859436,1129333.0
1243,2015-11-04,1131.0,1147.0,1128.0,1144.0,1039.2109380000002,1884753.0
1244,2015-11-05,1141.0,1144.0,1113.0,1113.0,1011.050476,2377824.0
1245,2015-11-06,1114.0,1122.0,1103.0,1115.0,1012.867004,2396545.0
1246,2015-11-09,1119.0,1123.0,1102.0,1104.0,1002.874817,1442661.0
1247,2015-11-10,1135.0,1190.0,1128.0,1187.0,1078.2719730000001,3755239.0
1248,2015-11-11,1193.0,1234.0,1191.0,1214.0,1102.798706,3561648.0
1249,2015-11-12,1210.0,1223.0,1193.0,1193.0,1083.7224119999998,2930394.0
1250,2015-11-13,1189.0,1191.0,1167.0,1179.0,1071.004639,2284994.0
1251,2015-11-16,1165.0,1188.219971,1165.0,1185.0,1076.4552,2167224.0
1252,2015-11-17,1199.0,1203.0,1191.0,1193.0,1083.7224119999998,1834833.0
1253,2015-11-18,1191.0,1197.0,1182.0,1193.0,1083.7224119999998,1459379.0
1254,2015-11-19,1197.0,1221.0,1194.0,1217.0,1105.52417,2217197.0
1255,2015-11-20,1217.0,1217.0,1198.0,1216.0,1104.6157230000001,1967563.0
1256,2015-11-23,1207.0,1208.880005,1195.0,1204.0,1093.714966,1617093.0
1257,2015-11-24,1206.0,1206.0,1187.0,1191.0,1081.905884,2349510.0
1258,2015-11-25,1198.0,1212.0,1194.0,1209.0,1098.256958,1777682.0
1259,2015-11-26,1209.0,1219.0,1208.0,1217.0,1105.52417,1015576.0
1260,2015-11-27,1214.0,1228.5,1210.0,1222.0,1110.06604,1969485.0
1261,2015-11-30,1223.0,1242.0,1219.0,1231.0,1118.241577,3230101.0
1262,2015-12-01,1235.0,1240.219971,1225.0,1233.0,1120.05835,1852447.0
1263,2015-12-02,1238.0,1260.0,1234.0,1254.0,1139.134888,1950381.0
1264,2015-12-03,1252.0,1257.0,1202.0,1203.0,1092.8066410000001,2643608.0
1265,2015-12-04,1203.0,1211.0,1192.0,1207.0,1096.440063,1694817.0
1266,2015-12-07,1216.0,1226.0,1210.0,1212.0,1100.981934,1530206.0
1267,2015-12-08,1214.0,1220.0,1187.0,1191.0,1081.905884,1575044.0
1268,2015-12-09,1191.0,1197.0,1176.0,1178.0,1070.096558,2052641.0
1269,2015-12-10,1176.0,1181.0,1168.0,1174.0,1066.4628910000001,1302254.0
1270,2015-12-11,1170.0,1177.0,1154.0,1155.0,1049.203125,1701419.0
1271,2015-12-14,1154.0,1156.199951,1121.0,1121.0,1018.317749,3503861.0
1272,2015-12-15,1138.0,1159.0,1133.0,1154.0,1048.2948,2443730.0
1273,2015-12-16,1154.0,1161.0,1147.0,1150.0,1044.661255,2173470.0
1274,2015-12-17,1172.0,1174.0,1160.0,1168.0,1061.012451,2098160.0
1275,2015-12-18,1160.0,1171.0,1158.061035,1166.0,1059.195801,3215419.0
1276,2015-12-21,1163.0,1176.599976,1160.0,1161.0,1054.653564,1276510.0
1277,2015-12-22,1167.0,1183.969971,1167.0,1175.0,1067.371216,1455392.0
1278,2015-12-23,1181.0,1199.0,1181.0,1198.0,1088.264526,1404767.0
1279,2015-12-29,1221.0,1223.0,1178.0,1223.0,1110.974487,1121277.0
1280,2015-12-30,1218.0,1224.0,1215.0,1222.0,1110.06604,923274.0
1281,2016-01-04,1199.0,1199.0,1152.0,1157.0,1058.470581,1994181.0
1282,2016-01-05,1161.0,1172.0,1141.0,1156.0,1057.555786,1478903.0
1283,2016-01-06,1151.0,1152.0,1136.0,1146.0,1048.407349,1403200.0
1284,2016-01-07,1120.0,1133.0,1104.0,1124.0,1028.280884,2413989.0
1285,2016-01-08,1125.0,1141.0,1110.0,1111.0,1016.387817,2117148.0
1286,2016-01-11,1110.0,1112.0,1096.0,1101.0,1007.2393800000001,2622910.0
1287,2016-01-12,1107.0,1138.0,1101.0,1133.0,1036.514648,2255517.0
1288,2016-01-13,1143.0,1147.619995,1137.0,1143.0,1045.662842,2674063.0
1289,2016-01-14,1129.0,1136.280029,1106.0,1132.0,1035.599487,2480585.0
1290,2016-01-15,1157.0,1189.0,1118.0,1129.0,1032.85498,4095095.0
1291,2016-01-18,1129.0,1143.0,1118.0,1122.0,1026.451294,1834545.0
1292,2016-01-19,1141.0,1159.0,1135.0,1152.0,1053.896362,2143232.0
1293,2016-01-20,1123.0,1130.0,1100.3439939999998,1105.0,1010.898865,3355469.0
1294,2016-01-21,1105.0,1127.0,1105.0,1123.0,1027.366089,3268983.0
1295,2016-01-22,1144.0,1156.0,1128.0,1151.0,1052.981567,2214642.0
1296,2016-01-25,1163.0,1167.0,1153.0,1159.0,1060.300171,2042883.0
1297,2016-01-26,1145.0,1155.0,1137.609009,1153.0,1054.811157,1892611.0
1298,2016-01-27,1151.0,1161.0,1144.640015,1161.0,1062.130005,1797182.0
1299,2016-01-28,1152.0,1164.0,1146.050049,1154.0,1055.726196,1526825.0
1300,2016-01-29,1178.0,1190.0,1171.0,1190.0,1088.6604,3845464.0
1301,2016-02-01,1190.0,1198.0,1171.0,1176.0,1075.852661,2244409.0
1302,2016-02-02,1179.0,1185.0,1163.0,1170.0,1070.3636470000001,1863476.0
1303,2016-02-03,1162.0,1173.0,1148.0,1156.0,1057.555786,1913172.0
1304,2016-02-04,1170.0,1173.0,1146.0,1162.0,1063.045044,2224720.0
1305,2016-02-05,1164.0,1179.0,1158.930054,1162.0,1063.045044,2120005.0
1306,2016-02-08,1171.0,1172.0,1107.0,1112.0,1017.302734,2489525.0
1307,2016-02-09,1116.0,1121.0,1084.0,1094.0,1000.835632,3081794.0
1308,2016-02-10,1098.0,1112.0,1084.0,1107.0,1012.728638,2109085.0
1309,2016-02-11,1098.0,1098.0,1064.0,1073.0,981.6240230000001,2180476.0
1310,2016-02-12,1081.0,1102.0,1077.359985,1102.0,1008.154541,2077142.0
1311,2016-02-15,1118.0,1130.0,1113.0,1119.0,1023.706848,1308460.0
1312,2016-02-16,1124.0,1129.0,1111.0,1126.0,1030.110596,1522834.0
1313,2016-02-17,1129.0,1162.0,1129.0,1162.0,1063.045044,1448340.0
1314,2016-02-18,1165.0,1172.0,1155.0,1160.0,1061.2150880000002,1319331.0
1315,2016-02-19,1160.0,1174.212036,1153.0,1162.0,1063.045044,1577334.0
1316,2016-02-22,1168.0,1196.0,1166.0,1184.0,1083.171265,1300438.0
1317,2016-02-23,1173.0,1186.0,1164.0,1164.0,1064.87439,1575661.0
1318,2016-02-24,1160.0,1166.0,1143.949951,1150.0,1052.0667720000001,1798276.0
1319,2016-02-25,1164.0,1173.0,1156.0,1168.0,1068.533813,1986271.0
1320,2016-02-26,1176.0,1189.0,1169.0,1172.0,1072.1933589999999,1700338.0
1321,2016-02-29,1166.0,1184.0,1164.0,1183.0,1082.2563480000001,2170396.0
1322,2016-03-01,1181.0,1204.0,1176.660034,1204.0,1101.468018,1863260.0
1323,2016-03-02,1214.0,1216.0,1181.0,1194.0,1092.319702,1734375.0
1324,2016-03-03,1190.0,1201.0,1185.0,1190.0,1088.6604,1315279.0
1325,2016-03-04,1193.0,1205.0,1192.0,1203.0,1100.5532230000001,1453908.0
1326,2016-03-07,1202.0,1228.0,1198.0,1202.0,1099.638306,1885601.0
1327,2016-03-08,1195.0,1207.0,1189.0,1193.0,1091.404907,1903565.0
1328,2016-03-09,1193.0,1216.0,1185.0,1201.0,1098.723633,1640625.0
1329,2016-03-10,1202.0,1217.0,1184.0,1184.0,1083.171265,1837126.0
1330,2016-03-11,1207.0,1208.0,1196.0,1206.0,1103.297852,1109644.0
1331,2016-03-14,1206.0,1218.0,1203.5389400000001,1215.0,1111.5313720000001,1194726.0
1332,2016-03-15,1210.0,1216.0,1205.0,1211.0,1107.871704,1123258.0
1333,2016-03-16,1214.0,1215.0,1202.0,1208.0,1105.127319,1368277.0
1334,2016-03-17,1213.0,1217.0,1193.0,1208.0,1105.127319,2141693.0
1335,2016-03-18,1213.0,1220.0,1204.0,1206.0,1103.297852,2708612.0
1336,2016-03-21,1201.0,1209.0,1196.949951,1202.0,1099.638306,1334217.0
1337,2016-03-22,1194.0,1206.0,1187.0,1205.0,1102.3829349999999,1467212.0
1338,2016-03-23,1206.0,1230.0,1206.0,1220.0,1116.105591,2325230.0
1339,2016-03-24,1211.0,1223.0,1208.0,1213.0,1109.701782,1868677.0
1340,2016-03-29,1211.0,1229.5,1211.0,1229.0,1124.339111,1607676.0
1341,2016-03-30,1240.0,1248.0,1236.0,1246.0,1139.891357,3862693.0
1342,2016-03-31,1244.0,1247.0,1239.0,1245.0,1138.9765630000002,1685455.0
1343,2016-04-01,1236.0,1254.253052,1233.0,1251.0,1144.465454,1933395.0
1344,2016-04-04,1253.0,1269.0,1245.0,1265.0,1157.2734380000002,1313465.0
1345,2016-04-05,1258.0,1259.0,1244.0,1250.0,1143.5507810000001,1262830.0
1346,2016-04-06,1255.0,1267.182007,1246.0,1266.0,1158.188232,1417619.0
1347,2016-04-07,1269.0,1271.0,1251.0,1255.0,1148.1248779999999,1702651.0
1348,2016-04-08,1251.0,1254.6970210000002,1229.949951,1239.0,1133.487549,2777135.0
1349,2016-04-11,1235.0,1242.0,1228.0,1233.0,1127.998413,1659163.0
1350,2016-04-12,1234.0,1234.0,1220.0,1232.0,1127.08374,1418868.0
1351,2016-04-13,1240.0,1244.484009,1236.0,1239.0,1133.487549,1830908.0
1352,2016-04-14,1240.0,1253.0,1239.0,1251.0,1144.465454,1424647.0
1353,2016-04-15,1252.0,1257.0,1246.0,1253.0,1146.295166,1705536.0
1354,2016-04-18,1242.0,1261.0,1241.0,1259.0,1151.784302,1235335.0
1355,2016-04-19,1271.0,1293.0,1261.0,1290.0,1180.144409,2296496.0
1356,2016-04-20,1286.0,1294.0,1279.0,1288.0,1178.314697,2033313.0
1357,2016-04-21,1287.0,1287.989014,1272.0,1277.0,1168.251465,1340661.0
1358,2016-04-22,1273.0,1277.0,1256.0,1256.0,1149.039795,1830218.0
1359,2016-04-25,1259.0,1268.0,1252.0,1259.0,1151.784302,1297283.0
1360,2016-04-26,1262.0,1268.0,1257.525024,1260.0,1152.6990970000002,1393744.0
1361,2016-04-27,1251.0,1267.0,1250.0,1266.0,1158.188232,1515769.0
1362,2016-04-28,1266.0,1271.0,1248.0,1271.0,1162.762451,1569605.0
1363,2016-04-29,1263.0,1266.0,1250.0,1251.0,1144.465454,1500539.0
1364,2016-05-03,1252.0,1268.0,1249.0,1265.0,1157.2734380000002,2376919.0
1365,2016-05-04,1262.0,1275.5,1255.0,1266.0,1158.188232,1704094.0
1366,2016-05-05,1267.0,1272.0,1259.0,1267.0,1159.103149,1447231.0
1367,2016-05-06,1264.0,1267.0,1239.0,1251.0,1144.465454,2004303.0
1368,2016-05-09,1259.0,1266.0,1256.0,1258.0,1150.8696289999998,1404774.0
1369,2016-05-10,1266.0,1273.0,1256.0,1270.0,1161.8476560000001,1815964.0
1370,2016-05-11,1268.0,1294.0,1241.0,1265.0,1157.2734380000002,2756457.0
1371,2016-05-12,1262.0,1282.0,1255.0,1258.0,1150.8696289999998,2647741.0
1372,2016-05-13,1255.0,1259.0,1245.0,1253.0,1146.295166,2815154.0
1373,2016-05-16,1249.0,1261.0,1243.0,1258.0,1150.8696289999998,850430.0
1374,2016-05-17,1264.0,1270.0,1257.0,1267.0,1159.103149,1650205.0
1375,2016-05-18,1264.0,1275.0,1259.0,1275.0,1166.421875,2506128.0
1376,2016-05-19,1271.0,1279.0,1257.0,1257.0,1149.95459,1826085.0
1377,2016-05-20,1262.0,1275.0,1262.0,1265.0,1157.2734380000002,1745694.0
1378,2016-05-23,1267.0,1274.050049,1263.0,1272.0,1163.677124,1212963.0
1379,2016-05-24,1271.0,1292.0,1266.0,1288.0,1178.314697,1746401.0
1380,2016-05-25,1301.0,1304.0,1269.0,1271.0,1162.762451,1735904.0
1381,2016-05-26,1270.0,1297.0,1267.0,1287.0,1177.39978,2265137.0
1382,2016-05-27,1289.0,1294.0,1282.0,1291.0,1181.059204,1335570.0
1383,2016-05-31,1286.0,1306.0,1286.0,1306.0,1194.781982,3273891.0
1384,2016-06-01,1300.0,1300.0,1280.0,1293.0,1182.889038,2104291.0
1385,2016-06-02,1292.0,1298.0,1288.099976,1296.0,1185.633423,1619618.0
1386,2016-06-03,1300.0,1307.0,1286.0,1296.0,1185.633423,1238206.0
1387,2016-06-06,1300.0,1317.0,1296.0,1307.0,1195.6967769999999,2041590.0
1388,2016-06-07,1311.0,1322.0,1309.0,1318.0,1205.76001,1979362.0
1389,2016-06-08,1312.0,1329.0,1312.0,1328.0,1214.908325,1527296.0
1390,2016-06-09,1326.0,1363.0,1299.0,1300.0,1189.2928470000002,2261739.0
1391,2016-06-10,1300.0,1300.0,1274.0,1282.0,1172.825928,1348545.0
1392,2016-06-13,1273.0,1365.0,1263.0,1263.0,1155.4438480000001,1472857.0
1393,2016-06-14,1255.0,1258.0,1236.0,1236.0,1130.743042,2369968.0
1394,2016-06-15,1247.0,1258.0,1243.0,1251.0,1144.465454,2246854.0
1395,2016-06-16,1237.0,1244.0,1224.0,1235.0,1129.828125,2117598.0
1396,2016-06-17,1244.0,1256.0,1240.0,1245.0,1138.9765630000002,2552386.0
1397,2016-06-20,1273.0,1286.0,1265.0,1282.0,1172.825928,1840592.0
1398,2016-06-21,1287.0,1298.0,1277.0,1294.0,1183.803711,2174651.0
1399,2016-06-22,1305.0,1335.0,1300.0,1322.0,1209.419189,3027784.0
1400,2016-06-23,1315.0,1332.0,1309.0,1328.0,1234.263672,2319636.0
1401,2016-06-24,1273.0,1353.0,1257.0,1335.0,1240.7696529999998,6373896.0
1402,2016-06-27,1315.0,1328.0,1295.0,1303.0,1211.028442,4301295.0
1403,2016-06-28,1320.0,1327.0,1304.0,1322.0,1228.6870119999999,2953057.0
1404,2016-06-29,1337.0,1359.0,1337.0,1359.0,1263.075684,2776147.0
1405,2016-06-30,1359.0,1412.0,1352.0,1412.0,1312.334595,3204782.0
1406,2016-07-01,1419.0,1438.0,1416.0,1435.0,1333.711182,2841370.0
1407,2016-07-04,1439.0,1456.0,1427.0,1430.0,1329.064087,1777180.0
1408,2016-07-05,1429.0,1439.0,1422.0,1436.0,1334.6407470000001,2043638.0
1409,2016-07-06,1428.0,1449.0,1410.0,1425.0,1324.417114,2675844.0
1410,2016-07-07,1440.0,1451.0,1432.0,1441.0,1339.287476,1898548.0
1411,2016-07-08,1437.0,1450.0,1427.0,1449.0,1346.7230220000001,1663879.0
1412,2016-07-11,1459.0,1485.0,1446.0,1485.0,1380.181763,1840273.0
1413,2016-07-12,1488.0,1497.0,1465.0,1467.0,1363.452271,2034620.0
1414,2016-07-13,1465.0,1487.0,1298.94104,1463.0,1359.734985,3622864.0
1415,2016-07-14,1480.0,1480.0,1434.0,1459.0,1356.01709,3378185.0
1416,2016-07-15,1457.0,1472.0,1444.0,1472.0,1368.0996089999999,2129296.0
1417,2016-07-18,1471.0,1471.0,1453.0,1462.0,1358.805298,1357064.0
1418,2016-07-19,1459.0,1465.0,1452.0,1465.0,1361.5935060000002,1742157.0
1419,2016-07-20,1472.0,1474.272949,1457.0,1470.0,1366.2404789999998,1443414.0
1420,2016-07-21,1465.0,1472.0,1455.0,1469.0,1365.311157,1210741.0
1421,2016-07-22,1470.0,1477.0,1459.0,1476.0,1371.817261,2057375.0
1422,2016-07-25,1476.0,1479.0,1469.0,1479.0,1374.6053470000002,1157160.0
1423,2016-07-26,1465.0,1478.364014,1462.0,1471.0,1367.170166,1314451.0
1424,2016-07-27,1474.0,1479.0,1465.0,1472.0,1368.0996089999999,1395508.0
1425,2016-07-28,1473.0,1489.0,1470.0,1476.0,1371.817261,2200605.0
1426,2016-07-29,1478.0,1478.364014,1468.0,1477.0,1372.746582,1841028.0
1427,2016-08-01,1484.0,1486.0,1469.0,1478.0,1373.676025,1540842.0
1428,2016-08-02,1472.0,1476.4790039999998,1449.0,1453.0,1350.440674,2916366.0
1429,2016-08-03,1454.0,1456.0,1434.0,1434.0,1332.7814939999998,1875563.0
1430,2016-08-04,1437.0,1467.0,1429.0,1466.0,1362.523071,2076957.0
1431,2016-08-05,1465.0,1476.0,1462.0,1463.0,1359.734985,1454784.0
1432,2016-08-08,1461.0,1472.0,1458.9160160000001,1472.0,1368.0996089999999,3542505.0
1433,2016-08-09,1471.0,1494.0,1471.0,1491.0,1385.758301,1209298.0
1434,2016-08-10,1483.0,1503.0,1476.0,1503.0,1396.911377,1445702.0
1435,2016-08-11,1505.0,1527.0,1500.0,1527.0,1419.217407,2678611.0
1436,2016-08-12,1525.0,1534.123047,1521.0,1534.0,1425.723145,1125804.0
1437,2016-08-15,1538.0,1543.0,1522.0,1541.0,1432.2290039999998,1216550.0
1438,2016-08-16,1534.0,1539.30603,1518.0,1518.0,1410.852539,1270439.0
1439,2016-08-17,1524.0,1531.0,1506.0,1506.0,1399.699829,1298705.0
1440,2016-08-18,1513.0,1520.0,1509.0,1513.0,1406.205444,1260777.0
1441,2016-08-19,1513.0,1514.0,1503.0,1505.0,1398.77002,1084650.0
1442,2016-08-22,1503.0,1515.0,1500.0,1507.0,1400.6290279999998,1187244.0
1443,2016-08-23,1521.0,1525.0,1515.0,1520.0,1412.711426,1515558.0
1444,2016-08-24,1511.0,1525.314941,1505.0,1513.0,1406.205444,1199193.0
1445,2016-08-25,1514.0,1521.0,1501.0,1510.0,1403.417236,1075575.0
1446,2016-08-26,1513.0,1527.0,1506.0,1521.0,1413.6408689999998,1328759.0
1447,2016-08-30,1525.0,1534.0,1521.0,1523.0,1415.499634,1525954.0
1448,2016-08-31,1516.0,1525.0,1508.0,1514.0,1407.134888,1923732.0
1449,2016-09-01,1513.0,1522.7459720000002,1500.180054,1501.0,1395.052612,1673277.0
1450,2016-09-02,1509.0,1549.0,1506.0,1545.0,1435.9467769999999,2614656.0
1451,2016-09-05,1547.0,1552.900024,1535.0,1537.0,1428.511475,922913.0
1452,2016-09-06,1536.0,1543.0,1521.0,1524.0,1416.429321,1776027.0
1453,2016-09-07,1526.0,1549.0,1522.0,1543.0,1434.088135,2231882.0
1454,2016-09-08,1557.0,1571.0,1537.0,1542.0,1433.158691,1914408.0
1455,2016-09-09,1536.0,1542.0,1513.0,1516.0,1408.9938960000002,1132366.0
1456,2016-09-12,1502.0,1510.050049,1494.0,1509.0,1402.4880369999998,1151078.0
1457,2016-09-13,1512.0,1520.0,1503.0,1503.0,1396.911377,1719144.0
1458,2016-09-14,1504.0,1521.0,1504.0,1514.0,1407.134888,1877029.0
1459,2016-09-15,1518.0,1545.0,1512.0,1545.0,1435.9467769999999,2578862.0
1460,2016-09-16,1546.0,1553.0,1535.0,1538.0,1429.440796,3073432.0
1461,2016-09-19,1549.0,1568.0,1549.0,1564.0,1453.605591,1682424.0
1462,2016-09-20,1565.0,1581.0,1562.530029,1563.0,1452.67627,1867831.0
1463,2016-09-21,1563.0,1571.0,1554.734985,1558.0,1448.029175,1529444.0
1464,2016-09-22,1572.0,1584.0,1565.0,1578.0,1466.617554,1610843.0
1465,2016-09-23,1572.0,1579.0,1567.0,1569.0,1458.253052,1041843.0
1466,2016-09-26,1569.0,1569.0,1545.0,1550.0,1440.5939939999998,1356102.0
1467,2016-09-27,1560.0,1563.938965,1538.0,1544.0,1435.017578,1807052.0
1468,2016-09-28,1545.0,1556.050049,1543.0,1551.0,1441.5233150000001,1310906.0
1469,2016-09-29,1545.0,1565.0,1541.0,1552.0,1442.452759,2280255.0
1470,2016-09-30,1542.0,1545.0,1532.0,1544.0,1435.017578,2106531.0
1471,2016-10-03,1546.0,1574.0,1543.0,1569.0,1458.253052,2218003.0
1472,2016-10-04,1577.0,1606.0,1572.0,1594.0,1481.488159,3603514.0
1473,2016-10-05,1592.0,1597.0,1570.0,1572.0,1461.0410160000001,1523735.0
1474,2016-10-06,1583.0,1593.0,1577.0,1586.0,1474.0529789999998,1902464.0
1475,2016-10-07,1593.0,1600.0,1579.0,1587.0,1474.982178,1742452.0
1476,2016-10-10,1592.0,1600.0,1585.0,1593.0,1480.5588380000002,1076897.0
1477,2016-10-11,1588.0,1599.0,1577.0,1579.0,1467.5469970000001,912722.0
1478,2016-10-12,1576.0,1579.0,1558.0,1562.0,1451.746948,1309949.0
1479,2016-10-13,1563.0,1573.0,1549.900024,1572.0,1461.0410160000001,1501100.0
1480,2016-10-14,1571.0,1597.0,1571.0,1591.0,1478.699951,1433941.0
1481,2016-10-17,1591.0,1593.0,1577.0,1582.0,1470.335083,1876911.0
1482,2016-10-18,1585.0,1591.0,1574.0,1577.0,1465.688232,1242857.0
1483,2016-10-19,1581.0,1589.557983,1573.0,1589.0,1476.841187,1334437.0
1484,2016-10-20,1590.0,1593.0,1576.949951,1588.0,1475.9116210000002,924029.0
1485,2016-10-21,1583.0,1589.0,1572.0,1582.0,1470.335083,1197856.0
1486,2016-10-24,1586.0,1599.0,1562.5310060000002,1563.0,1452.67627,1257521.0
1487,2016-10-25,1571.0,1581.0,1560.0,1564.0,1453.605591,1387379.0
1488,2016-10-26,1565.0,1569.0,1544.0,1560.0,1449.888062,1530145.0
1489,2016-10-27,1553.0,1570.0,1547.0,1568.0,1457.323364,2000481.0
1490,2016-10-28,1560.0,1566.6469730000001,1545.0,1561.0,1450.817383,1504630.0
1491,2016-10-31,1555.0,1582.0,1553.0,1573.0,1461.970581,1889365.0
1492,2016-11-01,1573.0,1582.0,1558.0,1564.0,1453.605591,2483228.0
1493,2016-11-02,1562.0,1562.0,1529.0,1530.0,1422.005615,2319602.0
1494,2016-11-03,1526.0,1537.0,1501.0,1502.0,1395.981934,2849012.0
1495,2016-11-04,1496.0,1502.0,1485.0,1493.0,1387.6171880000002,2380922.0
1496,2016-11-07,1505.0,1513.0,1491.3869630000002,1505.0,1398.77002,1669676.0
1497,2016-11-08,1497.0,1520.0,1497.0,1517.0,1409.923096,2555211.0
1498,2016-11-09,1448.0,1485.0,1405.0,1467.0,1363.452271,4341481.0
1499,2016-11-10,1474.0,1476.0,1435.0,1444.0,1342.075806,3543922.0
1500,2016-11-11,1443.0,1449.0,1393.0,1402.0,1303.040649,3902211.0
1501,2016-11-14,1413.0,1420.0,1380.0,1383.0,1285.38147,3241399.0
1502,2016-11-15,1390.0,1401.0,1381.0,1396.0,1297.463745,3583144.0
1503,2016-11-16,1401.0,1421.0,1398.0,1402.0,1303.040649,4057189.0
1504,2016-11-17,1406.0,1426.0,1401.0,1425.0,1324.417114,2755491.0
1505,2016-11-18,1427.0,1431.0,1418.0,1430.0,1329.064087,3332469.0
1506,2016-11-21,1436.0,1450.0,1424.0,1449.0,1346.7230220000001,3616790.0
1507,2016-11-22,1460.0,1466.0,1447.660034,1452.0,1349.51123,3040210.0
1508,2016-11-23,1453.0,1468.0,1451.0,1457.0,1354.158203,2233721.0
1509,2016-11-24,1454.0,1462.0,1448.0,1462.0,1358.805298,1322672.0
1510,2016-11-25,1467.0,1478.0,1454.0,1477.0,1372.746582,1427166.0
1511,2016-11-28,1471.0,1490.140991,1459.0,1490.0,1384.828979,5245916.0
1512,2016-11-29,1492.0,1500.5,1480.0,1500.0,1394.123291,3250217.0
1513,2016-11-30,1504.0,1515.0,1492.0,1510.0,1403.417236,4580651.0
1514,2016-12-01,1503.0,1507.0,1492.0,1500.0,1394.123291,3446912.0
1515,2016-12-02,1491.0,1515.0,1477.0,1512.0,1405.276123,2414778.0
1516,2016-12-05,1504.0,1523.0,1493.850952,1494.0,1388.5466310000002,2627065.0
1517,2016-12-06,1489.0,1501.550049,1473.0,1488.0,1382.969971,2908310.0
1518,2016-12-07,1489.0,1505.0,1478.0,1505.0,1398.77002,2374950.0
1519,2016-12-08,1519.0,1519.0,1489.0,1496.0,1390.405518,3376375.0
1520,2016-12-09,1502.0,1509.0,1496.0,1507.0,1400.6290279999998,2343692.0
1521,2016-12-12,1508.0,1511.0,1483.0,1489.0,1383.899658,2110344.0
1522,2016-12-13,1486.0,1505.0,1476.0,1500.0,1394.123291,2587507.0
1523,2016-12-14,1496.0,1503.0,1489.0,1501.0,1395.052612,2076888.0
1524,2016-12-15,1493.0,1504.0,1484.0,1499.0,1393.1938480000001,1839084.0
1525,2016-12-16,1502.0,1514.0,1498.0,1512.0,1405.276123,2143298.0
1526,2016-12-19,1516.0,1519.0,1500.0,1517.0,1409.923096,1220219.0
1527,2016-12-20,1518.0,1519.0,1507.0,1509.0,1402.4880369999998,1364277.0
1528,2016-12-21,1504.0,1530.0,1503.0,1525.0,1417.358521,3825497.0
1529,2016-12-22,1522.0,1553.0,1522.0,1545.0,1435.9467769999999,1648048.0
1530,2016-12-23,1548.0,1558.0,1546.0,1553.0,1443.382202,866912.0
1531,2016-12-28,1555.0,1573.472046,1549.286011,1573.0,1461.970581,1456533.0
1532,2016-12-29,1558.0,1575.0,1554.0,1575.0,1473.715942,1040376.0
1533,2016-12-30,1571.0,1579.0,1562.0,1574.0,1472.780273,903146.0
1534,2017-01-03,1584.0,1606.0,1581.0,1586.0,1484.008545,2433548.0
1535,2017-01-04,1590.0,1590.0,1572.0,1580.0,1478.3945310000001,1706779.0
1536,2017-01-05,1583.0,1584.8790279999998,1563.034058,1569.0,1468.101807,1830959.0
1537,2017-01-06,1568.0,1576.0,1563.0,1569.0,1468.101807,1587657.0
1538,2017-01-09,1568.0,1588.0,1560.0,1579.0,1477.45874,1736562.0
1539,2017-01-10,1577.0,1590.0,1573.0,1579.0,1477.45874,1751616.0
1540,2017-01-11,1580.0,1585.0,1567.0,1583.0,1481.20166,2097519.0
1541,2017-01-12,1582.0,1602.0,1581.0,1597.0,1494.301392,1437828.0
1542,2017-01-13,1603.0,1607.0,1592.008057,1601.0,1498.044067,1263648.0
1543,2017-01-16,1599.0,1618.0,1591.0,1612.0,1508.336792,1373973.0
1544,2017-01-17,1606.0,1611.0,1576.0,1578.0,1476.523071,2115692.0
1545,2017-01-18,1562.0,1569.0,1488.0,1551.0,1451.2592769999999,3981120.0
1546,2017-01-19,1551.0,1553.0,1529.0,1534.0,1435.352783,2900360.0
1547,2017-01-20,1549.0,1560.0,1530.0,1539.0,1440.0311279999999,2797441.0
1548,2017-01-23,1535.0,1538.0,1528.0,1534.0,1435.352783,1648164.0
1549,2017-01-24,1534.0,1544.0,1519.0,1539.0,1440.0311279999999,2317264.0
1550,2017-01-25,1543.0,1551.0,1538.0,1545.0,1445.64502,1881388.0
1551,2017-01-26,1551.0,1551.0,1530.0,1532.0,1433.481201,1785059.0
1552,2017-01-27,1535.0,1549.0,1531.0,1549.0,1449.387939,2047117.0
1553,2017-01-30,1544.0,1552.0,1537.0,1547.0,1447.516602,1257611.0
1554,2017-01-31,1548.0,1554.0,1529.0,1529.0,1430.674072,2711361.0
1555,2017-02-01,1539.0,1549.0,1529.0,1532.0,1433.481201,1662247.0
1556,2017-02-02,1528.0,1559.0,1525.0,1553.0,1453.130737,1859219.0
1557,2017-02-03,1559.0,1566.0,1549.0,1555.0,1455.002075,1928085.0
1558,2017-02-06,1552.0,1567.0,1551.0,1558.0,1457.809082,1334971.0
1559,2017-02-07,1555.0,1575.989014,1554.0,1560.0,1459.680664,1390436.0
1560,2017-02-08,1558.0,1562.0,1555.0,1560.0,1459.680664,1186160.0
1561,2017-02-09,1564.0,1569.0,1555.0,1564.0,1463.423462,1222206.0
1562,2017-02-10,1560.0,1572.0,1560.0,1565.0,1464.3591310000002,1585331.0
1563,2017-02-13,1558.0,1571.0,1557.0,1568.0,1467.166138,1452626.0
1564,2017-02-14,1568.0,1569.0,1554.0,1565.0,1464.3591310000002,1179300.0
1565,2017-02-15,1570.0,1577.0,1564.0,1577.0,1475.58728,1416376.0
1566,2017-02-16,1577.0,1600.009033,1577.0,1597.0,1494.301392,2272195.0
1567,2017-02-17,1600.0,1615.043945,1594.0,1608.0,1504.5938720000001,3045306.0
1568,2017-02-20,1612.0,1618.362061,1603.0,1608.0,1504.5938720000001,1132673.0
1569,2017-02-21,1611.0,1615.0,1587.0,1587.0,1484.944092,1790320.0
1570,2017-02-22,1587.0,1605.0,1585.0,1602.0,1498.979858,1924936.0
1571,2017-02-23,1605.0,1611.0,1591.359985,1593.0,1490.55835,1678314.0
1572,2017-02-24,1592.0,1596.0,1578.0,1593.0,1490.55835,1156527.0
1573,2017-02-27,1602.0,1606.0,1591.0,1601.0,1498.044067,803843.0
1574,2017-02-28,1603.0,1610.0,1595.0,1597.0,1494.301392,2215325.0
1575,2017-03-01,1598.0,1619.0,1590.0,1619.0,1514.8863529999999,2042683.0
1576,2017-03-02,1618.0,1626.0,1603.0,1623.0,1518.6292720000001,1660046.0
1577,2017-03-03,1615.0,1619.560059,1604.0,1614.0,1510.208008,1246536.0
1578,2017-03-06,1613.0,1613.0,1598.0,1605.0,1501.786743,888354.0
1579,2017-03-07,1611.0,1619.0,1606.0,1609.0,1505.529663,1168708.0
1580,2017-03-08,1605.0,1624.0,1605.0,1621.0,1516.7579349999999,1244028.0
1581,2017-03-09,1623.0,1623.0,1609.0,1620.0,1515.822144,1684114.0
1582,2017-03-10,1622.0,1636.0,1621.0,1626.0,1521.436157,1189726.0
1583,2017-03-13,1627.0,1641.0,1620.0,1638.0,1532.664795,1163597.0
1584,2017-03-14,1644.0,1649.0,1630.0,1634.0,1528.9219970000001,1473121.0
1585,2017-03-15,1640.0,1644.0,1627.0,1639.0,1533.600464,1098253.0
1586,2017-03-16,1644.0,1648.0,1624.0,1631.0,1526.1147460000002,1608978.0
1587,2017-03-17,1633.0,1644.0,1623.0,1642.0,1536.407471,3122170.0
1588,2017-03-20,1640.0,1645.0,1631.0,1641.0,1535.471802,785714.0
1589,2017-03-21,1644.0,1645.280029,1622.0,1626.0,1521.436157,1169850.0
1590,2017-03-22,1630.0,1637.0,1606.0,1624.0,1519.564941,1530852.0
1591,2017-03-23,1628.0,1631.0,1619.0,1628.0,1523.307739,1229556.0
1592,2017-03-24,1628.0,1640.0,1620.0,1636.0,1530.7932130000002,1130203.0
1593,2017-03-27,1645.0,1645.0,1625.0,1632.0,1527.050415,1130708.0
1594,2017-03-28,1631.0,1637.199951,1611.0,1624.0,1519.564941,1257403.0
1595,2017-03-29,1625.0,1628.938965,1598.0,1622.0,1517.693726,1754053.0
1596,2017-03-30,1616.0,1626.0,1610.81897,1622.0,1517.693726,1138990.0
1597,2017-03-31,1615.0,1630.0,1608.0,1628.0,1523.307739,1877485.0
1598,2017-04-03,1642.0,1655.0,1620.0,1620.0,1515.822144,1744127.0
1599,2017-04-04,1623.0,1635.0,1618.458008,1620.0,1515.822144,1313493.0
1600,2017-04-05,1612.0,1623.5,1598.0,1604.0,1500.851074,2569790.0
1601,2017-04-06,1596.0,1613.0,1593.0,1609.0,1505.529663,1879981.0
1602,2017-04-07,1602.0,1617.484985,1600.0,1617.0,1513.015015,1278506.0
1603,2017-04-10,1610.0,1622.0,1601.0,1602.0,1498.979858,1359925.0
1604,2017-04-11,1603.0,1619.0,1598.0,1614.0,1510.208008,2238567.0
1605,2017-04-12,1613.0,1630.0,1611.0,1629.0,1524.243286,1814256.0
1606,2017-04-13,1631.0,1638.0,1614.0,1621.0,1516.7579349999999,1401809.0
1607,2017-04-18,1623.0,1626.0,1574.0,1581.0,1479.330322,2463869.0
1608,2017-04-19,1582.0,1603.0,1576.6040039999998,1587.0,1484.944092,3094040.0
1609,2017-04-20,1593.0,1594.0,1579.286011,1585.0,1483.0727539999998,2121199.0
1610,2017-04-21,1580.0,1598.0,1577.0,1596.0,1493.3657230000001,1900108.0
1611,2017-04-24,1616.0,1643.0,1607.0,1641.0,1535.471802,2018482.0
1612,2017-04-25,1644.0,1655.0,1638.0,1650.0,1543.892822,1634755.0
1613,2017-04-26,1645.0,1654.0,1638.0,1652.0,1545.764282,2091032.0
1614,2017-04-27,1651.0,1670.0,1648.003052,1668.0,1560.735352,2001214.0
1615,2017-04-28,1663.0,1673.0,1652.0,1659.0,1552.314087,1749146.0
1616,2017-05-02,1667.0,1687.0,1661.349976,1685.0,1576.642212,2929420.0
1617,2017-05-03,1686.0,1686.0,1670.5620119999999,1673.0,1565.413818,1730741.0
1618,2017-05-04,1678.0,1684.0,1666.0,1681.0,1572.899414,2959833.0
1619,2017-05-05,1685.0,1695.0,1677.0,1693.0,1584.127686,1122097.0
1620,2017-05-08,1685.0,1687.0,1675.0,1680.0,1571.963745,1418400.0
1621,2017-05-09,1675.0,1689.0,1675.0,1689.0,1580.38501,1035453.0
1622,2017-05-10,1684.0,1685.0,1671.0,1674.0,1566.349487,1626739.0
1623,2017-05-11,1670.0,1681.0,1663.0,1671.0,1563.54248,1740723.0
1624,2017-05-12,1677.0,1687.3850100000002,1672.0,1687.0,1578.513672,1832128.0
1625,2017-05-15,1680.0,1690.0,1679.0,1679.0,1571.028076,3535365.0
1626,2017-05-16,1679.0,1708.0,1679.0,1705.0,1595.356201,1995358.0
1627,2017-05-17,1698.0,1704.0,1689.0,1694.0,1585.063477,2053125.0
1628,2017-05-18,1660.0,1675.0,1628.0,1660.0,1553.2498779999999,2726401.0
1629,2017-05-19,1636.0,1640.0,1613.0,1631.0,1526.1147460000002,4135291.0
1630,2017-05-22,1628.0,1655.0,1628.0,1646.0,1540.150269,2245290.0
1631,2017-05-23,1647.0,1661.0,1647.0,1658.0,1551.378296,1814419.0
1632,2017-05-24,1662.0,1667.0,1655.0,1666.0,1558.864014,1828144.0
1633,2017-05-25,1669.0,1676.0,1646.0,1646.0,1540.150269,2194262.0
1634,2017-05-26,1614.0,1643.0,1603.0,1641.0,1535.471802,2919360.0
1635,2017-05-30,1633.0,1635.0,1612.0,1615.0,1511.143677,3806837.0
1636,2017-05-31,1619.0,1632.0,1613.0,1618.0,1513.950806,3571552.0
1637,2017-06-01,1623.0,1633.0,1607.0,1611.0,1507.4008789999998,4573215.0
1638,2017-06-02,1623.0,1623.0,1596.0,1600.0,1497.108276,2310838.0
1639,2017-06-05,1600.0,1623.0,1582.640991,1586.0,1484.008545,2405465.0
1640,2017-06-06,1582.0,1609.0,1576.0,1609.0,1505.529663,2527917.0
1641,2017-06-07,1607.0,1610.0,1591.0,1591.0,1488.6870119999999,2188249.0
1642,2017-06-08,1598.0,1604.0,1581.0,1601.0,1498.044067,2043784.0
1643,2017-06-09,1610.0,1627.0,1610.0,1623.0,1518.6292720000001,1935759.0
1644,2017-06-12,1615.0,1617.0,1608.0,1615.0,1511.143677,1857770.0
1645,2017-06-13,1627.0,1629.0,1609.139038,1614.0,1510.208008,1662187.0
1646,2017-06-14,1615.0,1627.0,1613.0,1620.0,1515.822144,2446735.0
1647,2017-06-15,1620.0,1628.0,1605.140015,1617.0,1513.015015,2212736.0
1648,2017-06-16,1624.0,1632.0,1611.0,1614.0,1510.208008,5773682.0
1649,2017-06-19,1623.0,1639.0,1623.727051,1635.0,1529.857544,1055884.0
1650,2017-06-20,1636.0,1644.140015,1633.0,1633.0,1527.986084,84237.0
1651,2017-06-21,1631.0,1634.0,1624.0,1632.0,1527.050415,128164.0
1652,2017-06-22,1613.0,1618.140015,1603.676025,1609.0,1526.045898,363169.0
1653,2017-06-23,1607.0,1625.0,1611.719971,1619.0,1535.530273,133516.0
1654,2017-06-26,1620.0,1630.0,1617.0,1624.5,1540.746826,179978.0
1655,2017-06-27,1622.0,1624.140015,1614.0,1619.300049,1535.814819,1322592.0
1656,2017-06-28,1616.0,1630.0,1612.0,1613.0,1529.8398439999999,182745.0
1657,2017-06-29,1615.0,1619.0,1577.0,1577.0,1495.695557,270324.0
1658,2017-06-30,1578.0,1599.719971,1574.0,1575.0,1493.798828,293558.0
1659,2017-07-03,1572.0,1582.0,1562.0,1577.0,1495.695557,1783087.0
1660,2017-07-04,1569.0,1583.800049,1569.0,1570.0,1489.0566410000001,1859771.0
1661,2017-07-05,1570.0,1578.0,1564.0,1575.0,1493.798828,2741076.0
1662,2017-07-06,1576.0,1583.0,1552.0,1561.0,1480.52063,1682910.0
1663,2017-07-07,1562.0,1568.0,1556.0,1566.0,1485.262817,1439635.0
1664,2017-07-10,1569.0,1584.0,1562.0,1573.0,1491.9019779999999,2125454.0
1665,2017-07-12,1543.0,1575.0,1543.0,1570.0,1489.0566410000001,1886261.0
1666,2017-07-13,1563.0,1591.0,1558.0,1589.0,1507.077026,3381141.0
1667,2017-07-14,1604.0,1604.0,1579.0,1588.0,1506.12854,4646851.0
1668,2017-07-17,1584.0,1593.0,1564.0,1564.0,1483.366089,2721760.0
1669,2017-07-18,1562.0,1564.0,1514.0,1532.0,1453.0157470000001,5060812.0
1670,2017-07-19,1539.0,1540.0,1515.0,1537.0,1457.758057,3148179.0
1671,2017-07-20,1542.0,1553.0,1534.0,1537.0,1457.758057,2734896.0
1672,2017-07-21,1531.0,1554.0,1516.901001,1517.0,1438.7890630000002,3785438.0
1673,2017-07-24,1517.0,1522.0,1499.25,1514.0,1435.9436039999998,3535033.0
1674,2017-07-25,1519.0,1538.0,1515.0,1522.0,1443.5311279999999,2665887.0
1675,2017-07-26,1524.0,1526.0,1509.0,1519.0,1440.685913,3661603.0
1676,2017-07-27,1520.0,1544.0,1519.0,1537.0,1457.758057,2503269.0
1677,2017-07-28,1527.0,1528.0,1504.232056,1507.0,1429.3045650000001,3520506.0
1678,2017-07-31,1505.0,1516.0,1501.0,1507.0,1429.3045650000001,3411113.0
1679,2017-08-01,1518.0,1531.0,1512.0,1528.0,1449.221924,2002629.0
1680,2017-08-02,1531.0,1538.0,1513.0,1515.0,1436.892212,2250199.0
1681,2017-08-03,1516.0,1531.0,1509.0,1527.0,1448.273682,2733760.0
1682,2017-08-04,1529.0,1534.0,1519.0,1534.0,1454.91272,1537596.0
1683,2017-08-07,1538.0,1538.0,1519.0,1522.0,1443.5311279999999,1422522.0
1684,2017-08-08,1521.0,1537.0,1517.0,1531.0,1452.067383,1111754.0
1685,2017-08-09,1522.0,1533.0,1519.0,1532.0,1453.0157470000001,1695096.0
1686,2017-08-10,1529.0,1532.0,1515.0,1519.0,1440.685913,1430893.0
1687,2017-08-11,1518.0,1521.0,1511.859985,1517.0,1438.7890630000002,1175085.0
1688,2017-08-14,1499.0,1504.0,1484.234009,1495.0,1417.92334,2659100.0
1689,2017-08-15,1500.0,1516.098999,1495.0,1516.0,1437.840576,1624597.0
1690,2017-08-16,1520.0,1532.0,1516.0,1529.0,1450.17041,1306873.0
1691,2017-08-17,1535.0,1546.0,1531.0,1534.0,1454.91272,1923531.0
1692,2017-08-18,1529.0,1529.0,1509.0,1515.0,1436.892212,1203668.0
1693,2017-08-21,1509.0,1515.0,1507.0,1514.0,1435.9436039999998,1889431.0
1694,2017-08-22,1519.0,1525.0,1512.0,1524.0,1445.4279789999998,1506357.0
1695,2017-08-23,1525.0,1535.0,1519.0,1522.0,1443.5311279999999,1132478.0
1696,2017-08-24,1524.0,1531.0,1520.0,1525.0,1446.376709,1593714.0
1697,2017-08-25,1525.0,1529.0,1518.0,1520.0,1441.634399,1194119.0
1698,2017-08-29,1514.0,1521.0,1504.0,1515.0,1436.892212,1857715.0
1699,2017-08-30,1521.0,1525.0,1510.0,1524.0,1445.4279789999998,1456729.0
1700,2017-08-31,1526.0,1556.0,1521.0,1554.0,1473.88147,1878511.0
1701,2017-09-01,1556.0,1559.0,1547.0,1550.0,1470.0876460000002,1642888.0
1702,2017-09-04,1520.0,1547.75,1518.0,1538.0,1458.706421,1601687.0
1703,2017-09-05,1536.0,1543.0,1525.0,1525.0,1446.376709,1283379.0
1704,2017-09-06,1523.0,1524.0,1507.0,1520.0,1441.634399,1508754.0
1705,2017-09-07,1518.0,1526.0,1505.0,1520.0,1441.634399,2283102.0
1706,2017-09-08,1490.0,1512.0,1477.0,1510.0,1432.150024,3454628.0
1707,2017-09-11,1513.0,1525.0,1507.0,1521.0,1442.582764,3032337.0
1708,2017-09-12,1521.0,1538.0,1519.0,1521.0,1442.582764,2362603.0
1709,2017-09-13,1519.0,1539.0,1518.0,1533.0,1453.964355,2242304.0
1710,2017-09-14,1496.0,1507.0,1435.0,1459.0,1383.779297,6349413.0
1711,2017-09-15,1456.0,1461.999023,1428.0,1446.0,1371.449585,5463819.0
1712,2017-09-18,1456.0,1479.0,1450.0,1458.0,1382.830933,3242065.0
1713,2017-09-19,1455.0,1481.0,1450.0,1478.0,1401.799805,4563351.0
1714,2017-09-20,1478.0,1488.0,1470.0,1482.0,1405.5935060000002,2388373.0
1715,2017-09-21,1482.0,1488.68103,1478.0,1481.0,1404.64502,1983776.0
1716,2017-09-22,1479.0,1502.0,1477.0,1496.0,1418.871948,2659820.0
1717,2017-09-25,1494.0,1499.0,1477.0,1485.0,1408.438843,2165605.0
1718,2017-09-26,1485.0,1496.003052,1479.0,1490.0,1413.18103,2344605.0
1719,2017-09-27,1492.0,1497.750977,1478.0,1495.0,1417.92334,2248767.0
1720,2017-09-28,1493.0,1504.001953,1490.0,1501.0,1423.614014,1864719.0
1721,2017-09-29,1501.0,1509.0,1495.0,1499.0,1421.717163,1766079.0
1722,2017-10-02,1498.0,1507.0,1495.0,1507.0,1429.3045650000001,2208801.0
1723,2017-10-03,1505.0,1519.182983,1496.0,1516.0,1437.840576,5041281.0
1724,2017-10-04,1516.0,1529.0,1514.0,1526.0,1447.325195,1263794.0
1725,2017-10-05,1528.0,1542.0,1512.0,1525.0,1446.376709,2436110.0
1726,2017-10-06,1526.0,1544.618042,1523.0,1544.0,1464.397095,2215216.0
1727,2017-10-09,1539.0,1550.0,1538.0,1538.0,1458.706421,1406410.0
1728,2017-10-10,1539.0,1550.619995,1538.0,1550.0,1470.0876460000002,1314719.0
1729,2017-10-11,1550.0,1556.0,1546.0,1551.0,1471.036133,1628437.0
1730,2017-10-12,1551.0,1564.0,1548.410034,1564.0,1483.366089,1813283.0
1731,2017-10-13,1563.0,1563.0,1524.0,1536.0,1456.809448,2139478.0
1732,2017-10-16,1534.0,1548.0,1529.0,1544.0,1464.397095,1324067.0
1733,2017-10-17,1541.0,1547.0,1527.0,1537.0,1457.758057,1082762.0
1734,2017-10-18,1546.0,1559.0,1539.0,1555.0,1474.829834,1098073.0
1735,2017-10-19,1560.0,1567.0,1553.0,1562.0,1481.469116,1716820.0
1736,2017-10-20,1569.0,1574.0,1561.0,1566.0,1485.262817,1613395.0
1737,2017-10-23,1569.0,1570.0860599999999,1561.0,1567.0,1486.211182,987805.0
1738,2017-10-24,1562.0,1573.0,1554.9219970000001,1555.0,1474.829834,1922186.0
1739,2017-10-25,1549.0,1553.75,1537.182007,1540.0,1460.603149,1771369.0
1740,2017-10-26,1547.0,1555.0,1537.0,1555.0,1474.829834,2209259.0
1741,2017-10-27,1558.0,1600.0,1555.900024,1598.0,1515.612915,2427468.0
1742,2017-10-30,1596.0,1599.182007,1585.0,1586.0,1504.231689,1591335.0
1743,2017-10-31,1579.0,1589.491943,1574.0,1586.0,1504.231689,1739449.0
1744,2017-11-01,1587.0,1593.0,1562.0,1563.0,1482.41748,2136016.0
1745,2017-11-02,1555.0,1586.0,1555.0,1579.0,1497.592407,1550372.0
1746,2017-11-03,1578.0,1610.0,1574.150024,1604.0,1521.303589,1539716.0
1747,2017-11-06,1603.0,1615.0,1595.0,1612.0,1528.891235,1748143.0
1748,2017-11-07,1620.0,1620.0,1600.927002,1609.0,1526.045898,2099169.0
1749,2017-11-08,1610.0,1618.0,1605.392944,1618.0,1534.581909,2157217.0
1750,2017-11-09,1620.0,1650.0,1613.0,1629.0,1545.014771,2290239.0
1751,2017-11-10,1632.0,1638.0,1616.0,1634.0,1549.75708,2120932.0
1752,2017-11-13,1640.0,1642.0,1615.0,1623.0,1539.3242189999999,1891140.0
1753,2017-11-14,1610.0,1627.0,1581.0,1608.0,1525.09729,2306507.0
1754,2017-11-15,1570.0,1619.0,1570.0,1584.0,1502.334839,3117572.0
1755,2017-11-16,1592.0,1593.0,1546.0,1547.0,1467.242432,4007245.0
1756,2017-11-17,1545.0,1561.0,1542.0,1558.0,1477.675293,2958934.0
1757,2017-11-20,1557.0,1566.0,1554.0,1555.0,1474.829834,1925241.0
1758,2017-11-21,1558.0,1558.0,1547.0,1550.0,1470.0876460000002,2572298.0
1759,2017-11-22,1545.0,1560.0,1543.0,1549.0,1469.139282,2196320.0
1760,2017-11-23,1550.0,1565.0,1545.0,1552.0,1471.9844970000001,1525607.0
1761,2017-11-24,1567.0,1582.0,1566.0,1578.0,1496.644165,2772395.0
1762,2017-11-27,1578.0,1592.0,1572.0,1572.0,1490.953491,2619771.0
1763,2017-11-28,1572.0,1591.0,1570.0,1590.0,1508.0253910000001,1475634.0
1764,2017-11-29,1578.0,1586.0,1558.0,1558.0,1477.675293,1937307.0
1765,2017-11-30,1553.0,1557.0,1533.0,1538.0,1458.706421,3288720.0
1766,2017-12-01,1541.0,1550.0,1524.0,1527.0,1448.273682,2655852.0
1767,2017-12-04,1534.0,1549.0,1523.0,1538.0,1458.706421,2019924.0
1768,2017-12-05,1538.0,1553.0,1535.0,1541.0,1461.55188,2793252.0
1769,2017-12-06,1537.0,1561.0,1527.0,1551.0,1471.036133,2581746.0
1770,2017-12-07,1556.0,1566.0,1555.0,1557.0,1476.726807,2750467.0
1771,2017-12-08,1561.0,1579.0,1553.0,1573.0,1491.9019779999999,2915491.0
1772,2017-12-11,1573.0,1580.0,1554.0,1565.0,1484.314453,2766277.0
1773,2017-12-12,1582.0,1611.0,1582.0,1604.0,1521.303589,4304899.0
1774,2017-12-13,1608.0,1625.0,1592.0,1601.9570310000001,1519.366089,3368667.0
1775,2017-12-14,1602.0,1607.0,1577.0,1586.0,1504.231689,1820376.0
1776,2017-12-15,1589.0,1601.0,1576.0,1601.0,1518.458374,3306061.0
1777,2017-12-18,1603.0,1613.0,1593.0,1598.0,1515.612915,2073657.0
1778,2017-12-19,1594.0,1598.0,1587.0,1593.0,1510.8707279999999,1243376.0
1779,2017-12-20,1591.0,1595.0,1585.0,1594.0,1511.819092,1500806.0
1780,2017-12-21,1596.0,1607.0,1591.0,1607.0,1524.14917,1507184.0
1781,2017-12-22,1606.0,1612.0,1597.0,1597.0,1514.664795,549016.0
1782,2017-12-27,1604.0,1623.0,1598.0,1622.0,1538.37561,1936036.0
1783,2017-12-28,1620.0,1624.0,1612.0,1619.0,1535.530273,1275104.0
1784,2017-12-29,1624.0,1636.0,1612.0,1636.0,1551.653809,1392891.0
1785,2018-01-02,1631.0,1631.0,1596.0,1599.5,1517.035645,2047818.0
1786,2018-01-03,1630.0,1661.5,1626.0,1635.5,1551.1795650000001,3421890.0
1787,2018-01-04,1642.5,1644.0,1631.5,1636.0,1561.067627,2929154.0
1788,2018-01-05,1638.0,1649.0,1633.5,1649.0,1573.47229,2635922.0
1789,2018-01-08,1675.0,1682.0,1639.5,1650.0,1574.42627,9079436.0
1790,2018-01-09,1651.0,1674.5,1651.0,1670.0,1593.510498,4247424.0
1791,2018-01-10,1666.5,1687.5,1666.5,1676.5,1599.712524,8247989.0
1792,2018-01-11,1680.0,1680.5,1662.0,1666.0,1589.6936039999998,2292324.0
1793,2018-01-12,1671.5,1682.5,1666.5,1676.5,1599.712524,2574994.0
1794,2018-01-15,1668.5,1677.5,1662.5,1662.5,1586.353882,1930404.0
1795,2018-01-16,1661.5,1673.0,1657.5,1664.5,1588.262329,2448317.0
1796,2018-01-17,1670.5,1671.5,1657.0,1662.0,1585.876709,2045834.0
1797,2018-01-18,1690.0,1690.0,1636.5,1645.5,1570.132568,3098838.0
1798,2018-01-19,1652.5,1669.0,1646.5,1668.0,1591.601929,2153970.0
1799,2018-01-22,1664.0,1668.0,1652.0,1652.0,1576.334717,1957728.0
1800,2018-01-23,1648.5,1661.5,1646.0,1648.5,1572.994995,1926406.0
1801,2018-01-24,1645.0,1658.5,1631.5,1631.5,1556.773682,2069989.0
1802,2018-01-25,1624.0,1633.0,1613.0,1618.0,1543.891968,2448488.0
1803,2018-01-26,1625.5,1653.0,1594.5,1639.0,1563.930176,3418496.0
1804,2018-01-29,1636.5,1641.5,1632.5,1638.5,1563.453125,1470076.0
1805,2018-01-30,1631.5,1639.0,1630.0,1630.5,1555.819458,1535562.0
1806,2018-01-31,1626.0,1633.5,1618.5,1623.0,1548.663086,2156935.0
1807,2018-02-01,1620.0,1629.0,1599.0,1604.0,1530.533081,1742570.0
1808,2018-02-02,1596.0,1603.5,1592.0,1596.0,1522.89978,1921508.0
1809,2018-02-05,1585.5,1585.5,1571.0,1578.5,1506.201294,2048871.0
1810,2018-02-06,1522.5,1553.0,1497.5,1528.0,1458.014282,5281138.0
1811,2018-02-07,1532.5,1578.5,1523.5,1568.5,1496.659424,3631228.0
1812,2018-02-08,1558.5,1563.0,1532.0,1534.0,1463.739502,2275213.0
1813,2018-02-09,1531.5,1542.0,1511.5,1517.0,1447.517944,2554992.0
1814,2018-02-12,1531.5,1538.5,1523.5,1531.5,1461.353882,1476146.0
1815,2018-02-13,1530.0,1533.5,1518.0,1518.0,1448.4724119999998,1708580.0
1816,2018-02-14,1520.0,1533.0,1511.5,1528.0,1458.014282,2328568.0
1817,2018-02-15,1537.5,1546.5,1531.5,1546.5,1475.666992,1564275.0
1818,2018-02-16,1553.5,1562.0,1548.0,1557.0,1485.685913,1459217.0
1819,2018-02-19,1565.5,1565.5,1538.0,1539.5,1468.987549,1159217.0
1820,2018-02-20,1545.0,1559.0,1535.0,1559.0,1487.59436,1249227.0
1821,2018-02-21,1553.5,1580.5,1552.0,1576.5,1504.2928470000002,1614354.0
1822,2018-02-22,1572.0,1572.0,1552.5,1563.5,1491.888306,3248231.0
1823,2018-02-23,1569.0,1569.0,1546.5,1563.0,1491.411255,1325150.0
1824,2018-02-26,1569.5,1580.0,1563.0,1575.0,1502.86145,1518710.0
1825,2018-02-27,1576.5,1585.5,1555.0,1557.5,1486.163086,1582074.0
1826,2018-02-28,1548.0,1570.5,1546.5,1556.0,1484.731689,2045432.0
1827,2018-03-01,1554.5,1555.5,1528.5,1534.0,1463.739502,1904355.0
1828,2018-03-02,1519.5,1525.5,1515.5,1520.5,1450.85791,2019158.0
1829,2018-03-05,1521.0,1528.0,1510.0,1516.0,1446.563843,2115546.0
1830,2018-03-06,1535.0,1536.5,1517.5,1522.5,1452.766235,2731752.0
1831,2018-03-07,1515.5,1542.0,1512.0,1540.0,1469.4644779999999,1721920.0
1832,2018-03-08,1542.5,1566.0,1535.0,1563.0,1491.411255,1234550.0
1833,2018-03-09,1567.0,1582.0,1563.5,1580.5,1508.1096189999998,1824679.0
1834,2018-03-12,1586.5,1598.5,1580.5,1596.0,1522.89978,2294681.0
1835,2018-03-13,1592.0,1594.0,1583.0,1588.5,1515.743286,2620081.0
1836,2018-03-14,1582.0,1595.5,1576.0,1584.0,1511.449341,2654991.0
1837,2018-03-15,1584.0,1624.5,1584.0,1610.5,1536.735596,2357492.0
1838,2018-03-16,1606.5,1617.0,1597.0,1605.0,1531.487549,4237201.0
1839,2018-03-19,1605.0,1607.5,1589.5,1601.0,1527.670776,1647551.0
1840,2018-03-20,1608.0,1615.5,1599.5,1610.5,1536.735596,2145994.0
1841,2018-03-21,1610.5,1615.0,1587.5,1592.5,1519.560059,2396916.0
1842,2018-03-22,1586.0,1588.0,1550.0,1559.0,1487.59436,2402269.0
1843,2018-03-23,1544.0,1549.0,1527.5,1540.5,1469.94165,1557374.0
1844,2018-03-26,1541.5,1541.5,1507.0,1512.5,1443.224243,1899455.0
1845,2018-03-27,1535.0,1555.0,1533.0,1545.5,1474.7128910000001,1692701.0
1846,2018-03-28,1533.5,1551.5,1524.0,1544.5,1473.758667,2394734.0
1847,2018-03-29,1541.0,1549.0,1533.0,1537.5,1467.078979,2932320.0
1848,2018-04-03,1528.5,1531.5,1509.0,1522.0,1452.2890630000002,3492147.0
1849,2018-04-04,1521.0,1521.5,1494.5,1508.0,1438.930298,3556125.0
1850,2018-04-05,1530.0,1548.5,1521.0,1544.5,1473.758667,3234961.0
1851,2018-04-06,1539.0,1541.0,1528.0,1534.5,1464.216431,2234702.0
1852,2018-04-09,1543.0,1552.0,1536.5,1541.0,1470.418945,1673096.0
1853,2018-04-10,1550.0,1570.5,1544.0,1568.5,1496.659424,2301582.0
1854,2018-04-11,1557.0,1563.5,1547.0,1552.5,1481.392212,2708374.0
1855,2018-04-12,1557.5,1557.5,1545.0,1545.0,1474.235596,1559972.0
1856,2018-04-13,1552.5,1555.5,1545.5,1549.5,1478.529419,1549126.0
1857,2018-04-16,1549.0,1557.5,1543.25,1550.0,1479.006592,2358923.0
1858,2018-04-17,1549.5,1558.0,1535.0,1554.0,1482.823486,2211158.0
1859,2018-04-18,1562.5,1573.5,1555.0,1570.5,1498.567749,1899597.0
1860,2018-04-19,1576.0,1581.5,1565.5,1575.0,1502.86145,3628147.0
1861,2018-04-20,1585.0,1606.5,1578.5,1606.5,1532.918701,2313267.0
1862,2018-04-23,1625.0,1644.5,1609.0,1640.0,1564.884399,2971997.0
1863,2018-04-24,1645.0,1650.5,1625.5,1630.0,1555.342407,3214606.0
1864,2018-04-25,1617.0,1628.5,1611.5,1621.5,1547.231812,2566717.0
1865,2018-04-26,1623.5,1652.5,1621.0,1635.0,1560.1134029999998,2144730.0
1866,2018-04-27,1640.0,1668.0,1636.5,1668.0,1591.601929,1700554.0
1867,2018-04-30,1674.5,1683.5,1662.5,1667.0,1590.647705,2098999.0
1868,2018-05-01,1700.0,1704.5,1683.0,1691.0,1613.548462,3869834.0
1869,2018-05-02,1705.0,1707.0,1681.5,1689.0,1611.6401369999999,3699888.0
1870,2018-05-03,1687.0,1697.0,1680.0,1689.0,1611.6401369999999,2009681.0
1871,2018-05-04,1696.5,1717.0,1696.0,1705.0,1626.907227,3038183.0
1872,2018-05-08,1717.5,1732.5,1710.0,1718.5,1639.7889400000001,4569479.0
1873,2018-05-09,1721.0,1738.0,1719.0,1738.0,1658.395752,3476031.0
1874,2018-05-10,1746.5,1768.0,1746.0,1758.0,1677.479736,2090431.0
1875,2018-05-11,1763.0,1763.0,1730.0,1736.0,1656.487427,2284007.0
1876,2018-05-14,1736.0,1736.5,1715.0,1715.0,1636.4492189999999,2752836.0
1877,2018-05-15,1708.0,1716.0,1703.5,1711.5,1633.1094970000001,5098092.0
1878,2018-05-16,1715.0,1721.5,1709.0,1709.0,1630.724243,2838387.0
1879,2018-05-17,1754.5,1812.5,1743.5,1804.5,1721.8500980000001,5874658.0
1880,2018-05-18,1804.5,1823.5,1797.5,1819.5,1736.162964,3785480.0
1881,2018-05-21,1832.0,1843.0,1824.5,1835.0,1750.952881,10347139.0
1882,2018-05-22,1839.5,1858.5,1833.0,1850.0,1765.265991,2658903.0
1883,2018-05-23,1847.5,1863.0,1845.0,1851.0,1766.220093,4987136.0
1884,2018-05-24,1859.0,1883.0,1854.5,1865.5,1780.0561519999999,2906665.0
1885,2018-05-25,1877.0,1879.5,1856.5,1860.0,1774.807861,3987771.0
1886,2018-05-29,1848.0,1848.0,1818.5,1821.5,1738.071289,3779885.0
1887,2018-05-30,1825.0,1836.5,1809.0,1834.5,1750.476074,3361823.0
1888,2018-05-31,1839.5,1860.0,1835.5,1841.5,1757.155273,2985890.0
1889,2018-06-01,1850.0,1864.5,1850.0,1860.0,1774.807861,6510494.0
1890,2018-06-04,1866.0,1882.5,1864.5,1878.0,1791.983643,1896691.0
1891,2018-06-05,1873.0,1896.0,1869.0,1879.0,1792.937622,2364698.0
1892,2018-06-06,1879.0,1895.5,1875.0,1890.0,1803.433838,1954788.0
1893,2018-06-07,1913.0,1923.5,1884.0,1888.5,1802.002563,2622718.0
1894,2018-06-08,1884.0,1895.0,1872.0,1883.0,1796.754395,3395431.0
1895,2018-06-11,1867.0,1885.0,1852.0,1871.0,1785.304077,3580443.0
1896,2018-06-12,1875.0,1876.5,1834.5,1860.0,1774.807861,6209612.0
1897,2018-06-13,1858.5,1888.5,1858.5,1873.5,1787.689575,2567709.0
1898,2018-06-14,1913.0,1913.0,1859.5,1882.0,1795.800171,4004384.0
1899,2018-06-15,1878.0,1896.5,1868.5,1868.5,1782.918701,5137639.0
1900,2018-06-18,1863.5,1879.5,1851.0,1878.5,1792.460449,1561734.0
1901,2018-06-19,1863.5,1871.0,1854.5,1863.0,1777.670654,1964422.0
1902,2018-06-20,1875.5,1897.5,1867.5,1867.5,1781.964355,1722735.0
1903,2018-06-21,1859.0,1872.5,1825.5,1825.5,1764.249146,2425524.0
1904,2018-06-22,1832.0,1857.5,1832.0,1855.0,1792.7593989999998,1975646.0
1905,2018-06-25,1866.0,1871.0,1828.0,1828.5,1767.148315,2183969.0
1906,2018-06-26,1834.0,1850.0,1828.5,1828.5,1767.148315,2118826.0
1907,2018-06-27,1834.0,1862.0,1833.0,1854.0,1791.792847,3065152.0
1908,2018-06-28,1845.5,1869.5,1843.0,1863.5,1800.9739989999998,2717651.0
1909,2018-06-29,1880.0,1883.0,1862.5,1874.5,1811.60498,1908955.0
1910,2018-07-02,1857.5,1876.0,1855.5,1865.0,1802.4237059999998,2572584.0
1911,2018-07-03,1876.5,1883.5,1865.5,1880.5,1817.403687,1796232.0
1912,2018-07-04,1874.5,1879.0,1855.0,1868.0,1805.32312,1385515.0
1913,2018-07-05,1869.5,1890.0,1862.5,1890.0,1826.584961,2326380.0
1914,2018-07-06,1891.0,1904.5,1886.0,1898.5,1834.7996829999997,2656796.0
1915,2018-07-09,1903.0,1909.5,1886.5,1907.0,1843.014404,2399343.0
1916,2018-07-10,1914.0,1948.0,1913.5,1922.0,1857.51123,3379430.0
1917,2018-07-11,1911.5,1917.0,1892.5,1898.5,1834.7996829999997,2167207.0
1918,2018-07-12,1910.5,1925.5,1902.5,1920.5,1856.061523,1923550.0
1919,2018-07-13,1899.0,1940.0,1899.0,1907.0,1843.014404,3219554.0
1920,2018-07-16,1902.5,1918.0,1885.0,1898.0,1834.316406,1685010.0
1921,2018-07-17,1895.0,1915.5,1894.0,1908.0,1843.980957,1907116.0
1922,2018-07-18,1919.0,1927.5,1908.5,1924.0,1859.4440920000002,1859305.0
1923,2018-07-19,1920.0,1938.5,1911.0,1932.5,1867.658813,1427998.0
1924,2018-07-20,1923.0,1937.0,1913.5,1932.5,1867.658813,2020056.0
1925,2018-07-23,1917.0,1946.5,1915.0,1937.5,1872.4913329999997,1543615.0
1926,2018-07-24,1940.0,1963.0,1927.0,1930.0,1865.242798,1671568.0
1927,2018-07-25,1922.5,1927.5,1894.5,1907.0,1843.014404,1585770.0
1928,2018-07-26,1922.5,1930.5,1911.0,1911.0,1846.8802489999998,1665373.0
1929,2018-07-27,1915.0,1915.0,1888.5,1898.5,1834.7996829999997,2241396.0
1930,2018-07-30,1890.0,1903.5,1885.0,1885.5,1822.2358399999998,1862617.0
1931,2018-07-31,1885.0,1885.0,1863.0,1874.0,1811.121826,2887500.0
1932,2018-08-01,1870.5,1874.0,1840.0,1841.5,1779.71228,3138766.0
1933,2018-08-02,1839.0,1858.5,1827.5,1847.0,1785.02771,3719058.0
1934,2018-08-03,1851.5,1865.5,1835.0,1865.5,1802.907104,3058195.0
1935,2018-08-06,1870.0,1880.5,1861.5,1867.0,1804.356689,2400383.0
1936,2018-08-07,1869.5,1876.5,1859.5,1867.5,1804.839844,4438729.0
1937,2018-08-08,1870.5,1895.0,1870.5,1889.0,1825.61853,2118308.0
1938,2018-08-09,1892.0,1905.0,1889.5,1901.5,1837.699097,2576725.0
1939,2018-08-10,1896.0,1905.5,1892.0,1901.0,1837.21582,1902675.0
1940,2018-08-13,1899.5,1905.5,1887.0,1902.0,1838.182373,1391204.0
1941,2018-08-14,1906.5,1922.5,1892.5,1900.0,1836.249512,1314381.0
1942,2018-08-15,1907.5,1919.0,1874.0,1880.5,1817.403687,1474073.0
1943,2018-08-16,1884.0,1905.5,1884.0,1904.5,1840.598511,2310104.0
1944,2018-08-17,1895.5,1909.0,1891.5,1902.0,1838.182373,1163015.0
1945,2018-08-20,1898.0,1904.0,1895.0,1900.0,1836.249512,2464553.0
1946,2018-08-21,1900.5,1906.5,1886.0,1889.5,1826.101685,1578203.0
1947,2018-08-22,1886.0,1905.5,1878.0,1897.0,1833.3500980000001,1813025.0
1948,2018-08-23,1902.5,1915.5,1899.0,1908.0,1843.980957,2476754.0
1949,2018-08-24,1909.5,1911.0,1894.5,1906.0,1842.048096,1521161.0
1950,2018-08-28,1909.0,1928.0,1909.0,1925.0,1860.410645,1639680.0
1951,2018-08-29,1929.0,1954.0,1927.0,1942.5,1877.323364,3401675.0
1952,2018-08-30,1943.0,1943.0,1921.5,1935.0,1870.075073,1618641.0
1953,2018-08-31,1927.5,1937.5,1911.0,1920.0,1855.578369,2208087.0
1954,2018-09-03,1919.5,1940.5,1914.5,1932.0,1867.175903,1068921.0
1955,2018-09-04,1932.5,1938.0,1907.0,1918.5,1854.128662,1265568.0
1956,2018-09-05,1911.5,1920.0,1888.5,1894.0,1830.450684,1931823.0
1957,2018-09-06,1891.5,1900.5,1880.0,1882.0,1818.8532710000002,1539493.0
1958,2018-09-07,1884.0,1896.5,1870.0,1890.0,1826.584961,2514461.0
1959,2018-09-10,1896.0,1920.0,1884.5,1920.0,1855.578369,1907211.0
1960,2018-09-11,1919.0,1933.0,1911.5,1932.0,1867.175903,2482596.0
1961,2018-09-12,1934.5,1946.5,1931.5,1938.5,1873.457642,2376374.0
1962,2018-09-13,1938.5,1945.5,1922.5,1927.5,1862.8265379999998,1249783.0
1963,2018-09-14,1935.5,1946.0,1924.5,1945.0,1879.739502,1303565.0
1964,2018-09-17,1942.0,1942.5,1913.0,1920.5,1856.061523,2017579.0
1965,2018-09-18,1921.0,1921.0,1891.5,1900.0,1836.249512,2376361.0
1966,2018-09-19,1901.5,1919.0,1885.0,1907.5,1843.4978030000002,2200675.0
1967,2018-09-20,1914.0,1928.0,1899.5,1924.0,1859.4440920000002,2029770.0
1968,2018-09-21,1934.5,1949.0,1921.0,1947.0,1881.672363,5070447.0
1969,2018-09-24,1941.5,1955.5,1933.0,1944.5,1879.2563480000001,1320879.0
1970,2018-09-25,1943.0,1950.5,1927.5,1946.5,1881.189209,1983379.0
1971,2018-09-26,1950.5,1962.5,1944.5,1960.0,1894.2363280000002,2558045.0
1972,2018-09-27,1955.5,1980.0,1950.5,1973.5,1907.283325,2471070.0
1973,2018-09-28,1969.0,1994.0,1961.5,1970.5,1904.383911,2740993.0
1974,2018-10-01,1974.5,1994.0,1959.5,1988.5,1921.780029,1675371.0
1975,2018-10-02,1986.0,1986.0,1967.0,1967.0,1901.001343,1439484.0
1976,2018-10-03,1969.5,1973.0,1947.5,1968.0,1901.967896,2045245.0
1977,2018-10-04,1964.5,1964.5,1923.0,1935.5,1870.558105,2960178.0
1978,2018-10-05,1935.5,1943.5,1895.5,1895.5,1831.9002690000002,2242476.0
1979,2018-10-08,1896.0,1908.0,1861.0,1861.0,1798.558105,2223867.0
1980,2018-10-09,1862.5,1874.5,1857.0,1871.0,1808.222412,2844412.0
1981,2018-10-10,1868.0,1873.0,1765.0,1765.0,1705.7789309999998,3603896.0
1982,2018-10-11,1749.5,1751.0,1710.0,1728.5,1670.5039060000001,4431718.0
1983,2018-10-12,1741.5,1770.5,1740.5,1752.0,1693.215332,2841885.0
1984,2018-10-15,1748.5,1749.5,1720.5,1733.0,1674.852661,3402846.0
1985,2018-10-16,1730.5,1812.5,1725.0,1807.0,1746.369873,4703860.0
1986,2018-10-17,1820.5,1833.0,1799.5,1807.5,1746.8530269999999,3565114.0
1987,2018-10-18,1808.0,1830.5,1784.0,1784.0,1724.1417239999998,2621708.0
1988,2018-10-19,1786.0,1791.5,1759.0,1790.5,1730.4233399999998,2836462.0
1989,2018-10-22,1791.0,1808.0,1778.0,1796.5,1736.222168,1958409.0
1990,2018-10-23,1779.0,1798.0,1748.5,1750.0,1691.2823489999998,3499568.0
1991,2018-10-24,1764.0,1794.0,1740.5,1766.5,1707.2286379999998,3939787.0
1992,2018-10-25,1738.5,1770.5,1725.5,1760.0,1700.9468989999998,3870129.0
1993,2018-10-26,1747.5,1763.5,1714.0,1752.0,1693.215332,2256600.0
1994,2018-10-29,1763.0,1820.0,1762.5,1780.0,1720.2756350000002,2582380.0
1995,2018-10-30,1778.0,1790.5,1740.0,1786.0,1726.074463,2029268.0
1996,2018-10-31,1804.5,1834.0,1801.5,1802.5,1742.020752,2837035.0
1997,2018-11-01,1791.5,1817.0,1771.5,1779.0,1719.309326,2892307.0
1998,2018-11-02,1795.0,1825.5,1762.5,1763.0,1703.8460690000002,2444127.0
1999,2018-11-05,1762.5,1795.5,1756.5,1772.0,1712.544189,3066295.0
2000,2018-11-06,1782.0,1799.5,1765.5,1791.0,1730.906738,2488721.0
2001,2018-11-07,1805.0,1826.0,1800.5,1825.0,1763.765869,2548581.0
2002,2018-11-08,1833.5,1836.5,1814.0,1820.5,1759.416748,2048744.0
2003,2018-11-09,1819.5,1827.0,1807.0,1815.0,1754.10144,3122715.0
2004,2018-11-12,1838.5,1839.5,1791.5,1793.0,1732.839478,2772955.0
2005,2018-11-13,1830.0,1906.0,1829.5,1873.5,1810.63855,4768096.0
2006,2018-11-14,1860.0,1860.0,1813.5,1831.0,1769.5646969999998,2935198.0
2007,2018-11-15,1841.5,1858.0,1826.0,1843.5,1781.645142,3760740.0
2008,2018-11-16,1848.0,1892.0,1848.0,1879.0,1815.953979,2816829.0
2009,2018-11-19,1877.5,1888.5,1840.0,1845.0,1783.0948489999998,2881256.0
2010,2018-11-20,1827.0,1829.0,1770.0,1799.0,1738.6383059999998,3137400.0
2011,2018-11-21,1820.5,1830.0,1777.0,1828.0,1766.665161,2457568.0
2012,2018-11-22,1828.0,1844.0,1805.0,1833.0,1771.497437,1849377.0
2013,2018-11-23,1837.0,1851.0,1814.0,1849.5,1787.4438480000001,1259981.0
2014,2018-11-26,1883.0,1894.0,1855.0,1870.0,1807.2561039999998,1693337.0
2015,2018-11-27,1869.0,1891.0,1856.0,1867.5,1804.839844,5235351.0
2016,2018-11-28,1868.0,1889.0,1852.5,1884.5,1821.269409,2231939.0
2017,2018-11-29,1900.0,1920.0,1892.0,1897.0,1833.3500980000001,1737309.0
2018,2018-11-30,1898.5,1907.0,1890.0,1906.5,1842.531372,3497768.0
2019,2018-12-03,1939.0,1964.0,1935.0,1950.0,1884.5717769999999,1872833.0
2020,2018-12-04,1948.0,1968.5,1946.0,1948.0,1882.6387940000002,2530987.0
2021,2018-12-05,1922.0,1928.5,1884.0,1884.0,1820.786377,2383328.0
2022,2018-12-06,1866.0,1867.0,1824.5,1844.0,1782.128296,3157576.0
2023,2018-12-07,1840.0,1892.5,1840.0,1862.5,1800.007568,2644210.0
2024,2018-12-10,1857.5,1869.0,1847.0,1847.0,1785.02771,3392078.0
2025,2018-12-11,1866.5,1887.5,1858.0,1879.0,1815.953979,2450230.0
2026,2018-12-12,1882.5,1904.0,1874.5,1901.5,1837.699097,2523802.0
2027,2018-12-13,1913.0,1918.5,1892.5,1899.5,1835.766113,1860655.0
2028,2018-12-14,1890.0,1910.5,1871.5,1895.5,1831.9002690000002,1843968.0
2029,2018-12-17,1901.0,1911.0,1866.0,1874.5,1811.60498,2323172.0
2030,2018-12-18,1871.0,1878.0,1857.5,1859.0,1796.625,1507339.0
2031,2018-12-19,1858.5,1865.5,1837.5,1860.5,1798.074585,2183712.0
2032,2018-12-20,1834.0,1880.5,1822.5,1863.0,1800.4909670000002,2587956.0
2033,2018-12-21,1875.0,1882.0,1834.0,1855.0,1792.7593989999998,4628892.0
2034,2018-12-24,1835.5,1863.5,1831.0,1863.0,1800.4909670000002,1145935.0
2035,2018-12-27,1884.0,1886.5,1818.0,1843.0,1781.1618649999998,1738390.0
2036,2018-12-28,1852.0,1889.0,1846.0,1885.0,1821.75293,1394605.0
2037,2018-12-31,1885.0,1905.0,1880.5,1905.0,1841.081543,744259.0
2038,2019-01-02,1893.5,1894.5,1847.5,1883.5,1820.3031010000002,1657542.0
2039,2019-01-03,1800.0,1867.0,1800.0,1850.5,1798.8377690000002,2716773.0
2040,2019-01-04,1866.0,1893.5,1845.0,1890.5,1837.7210690000002,2953807.0
2041,2019-01-07,1899.5,1905.0,1870.5,1879.5,1827.028076,1178634.0
2042,2019-01-08,1889.5,1911.5,1880.0,1887.5,1834.80481,1938863.0
2043,2019-01-09,1907.5,1920.0,1898.0,1901.0,1847.9278559999998,1380525.0
2044,2019-01-10,1885.5,1912.5,1885.0,1912.5,1859.106934,1283093.0
2045,2019-01-11,1922.5,1932.5,1896.0,1912.5,1859.106934,1615580.0
2046,2019-01-14,1900.0,1912.5,1870.0,1877.0,1824.5979,1643990.0
2047,2019-01-15,1881.0,1896.5,1860.0,1877.5,1825.0839839999999,1844873.0
2048,2019-01-16,1885.0,1887.0,1854.0,1874.5,1822.167847,4545782.0
2049,2019-01-17,1895.0,1920.0,1892.5,1908.0,1854.7324219999998,2206305.0
2050,2019-01-18,1925.5,1947.5,1911.0,1943.5,1889.2413329999997,1881144.0
2051,2019-01-21,1946.5,1958.0,1942.0,1957.5,1902.850464,1098672.0
2052,2019-01-22,1953.0,1969.5,1943.0,1945.0,1890.699463,1734320.0
2053,2019-01-23,1935.0,1956.0,1923.5,1950.0,1895.559937,4602304.0
2054,2019-01-24,1957.0,1959.0,1920.0,1922.0,1868.3415530000002,1750676.0
2055,2019-01-25,1925.0,1932.5,1896.5,1905.0,1851.816284,2168803.0
2056,2019-01-28,1895.0,1901.0,1868.0,1884.0,1831.402588,2034128.0
2057,2019-01-29,1884.5,1941.5,1884.5,1930.0,1876.118164,1714498.0
2058,2019-01-30,1935.5,1942.0,1927.0,1928.5,1874.660156,2245125.0
2059,2019-01-31,1925.5,1939.0,1905.5,1912.0,1858.620728,2079003.0
2060,2019-02-01,1909.0,1958.0,1909.0,1954.5,1899.934326,1608546.0
2061,2019-02-04,1946.5,1970.0,1946.5,1969.5,1914.515503,976451.0
2062,2019-02-05,1973.5,2005.0,1951.5,2004.0,1948.0522460000002,1648316.0
2063,2019-02-06,2004.0,2008.0,1979.0,1984.5,1929.096802,1429142.0
2064,2019-02-07,1973.5,2002.0,1970.5,1970.5,1915.487671,919730.0
2065,2019-02-08,1971.0,1988.0,1965.0,1978.0,1922.778076,1179652.0
2066,2019-02-11,1981.0,2007.0,1978.0,2000.0,1944.164063,1499330.0
2067,2019-02-12,1994.0,2009.0,1988.5,2009.0,1952.91272,1599293.0
2068,2019-02-13,2002.0,2034.0,1999.5,2022.0,1965.549805,2018336.0
2069,2019-02-14,2021.0,2053.0,2021.0,2042.0,1984.991455,2241226.0
2070,2019-02-15,2045.0,2056.0,2024.0,2027.0,1970.410156,1910935.0
2071,2019-02-18,2025.0,2045.0,2013.0,2031.0,1974.298584,1085441.0
2072,2019-02-19,2025.0,2037.0,2012.0,2018.0,1961.6614989999998,1023240.0
2073,2019-02-20,2018.0,2027.0,2008.0,2017.0,1960.6893309999998,1222261.0
2074,2019-02-21,2022.0,2041.0,2011.0,2038.0,1981.1031489999998,1674982.0
2075,2019-02-22,2042.0,2069.0,2034.0,2056.0,1998.6007079999997,1729522.0
2076,2019-02-25,2058.0,2065.0,2028.0,2057.0,1999.572632,1309747.0
2077,2019-02-26,2033.0,2039.0,1993.5,2009.0,1952.91272,2217188.0
2078,2019-02-27,2000.0,2004.0,1955.0,1960.0,1905.280762,1819040.0
2079,2019-02-28,1939.0,1969.0,1937.0,1963.5,1908.683105,2559707.0
2080,2019-03-01,1973.5,1988.5,1962.0,1970.5,1915.487671,1539335.0
2081,2019-03-04,1975.0,2017.0,1975.0,1999.0,1943.192017,961328.0
2082,2019-03-05,1997.0,2017.0,1984.5,2013.0,1956.801147,1026296.0
2083,2019-03-06,2007.0,2027.0,2003.0,2013.0,1956.801147,977252.0
2084,2019-03-07,2018.0,2037.0,2004.0,2033.0,1976.242676,1341057.0
2085,2019-03-08,2016.0,2044.0,2016.0,2020.0,1963.605591,1327347.0
2086,2019-03-11,1999.5,2017.0,1982.5,2014.0,1957.773193,1685181.0
2087,2019-03-12,2020.0,2037.0,1997.0,2030.0,1973.326416,1438079.0
2088,2019-03-13,2022.0,2040.0,2017.0,2030.0,1973.326416,1170790.0
2089,2019-03-14,2035.0,2035.0,1997.0,2011.0,1954.856934,2506740.0
2090,2019-03-15,2040.0,2047.0,2020.0,2040.0,1983.047363,2718855.0
2091,2019-03-18,2026.0,2047.0,2026.0,2046.0,1988.879761,880426.0
2092,2019-03-19,2019.0,2049.0,2012.0,2041.0,1984.019409,1233742.0
2093,2019-03-20,2040.0,2062.0,2034.0,2034.0,1977.214722,1217077.0
2094,2019-03-21,2036.0,2096.0,2036.0,2093.0,2034.567627,1610093.0
2095,2019-03-22,2095.0,2102.0,2027.0,2029.0,1972.3544920000002,1889778.0
2096,2019-03-25,2019.0,2026.0,1999.0,2003.0,1947.0802,1665873.0
2097,2019-03-26,2012.0,2039.0,2001.0,2035.0,1978.186768,1645351.0
2098,2019-03-27,2048.0,2048.0,2018.0,2025.0,1968.466064,1357173.0
2099,2019-03-28,2024.0,2055.0,2024.0,2049.0,1991.796021,1403551.0
2100,2019-03-29,2052.0,2082.0,2052.0,2079.0,2020.9583739999998,1815131.0
2101,2019-04-01,2112.0,2112.0,2085.0,2094.0,2035.539673,1253757.0
2102,2019-04-02,2112.0,2134.0,2105.0,2121.0,2061.785889,1328558.0
2103,2019-04-03,2130.0,2131.0,2107.0,2112.0,2053.037109,2302729.0
2104,2019-04-04,2115.0,2117.0,2077.0,2090.0,2031.651611,4229945.0
2105,2019-04-05,2078.0,2102.0,2078.0,2091.0,2032.6234129999998,1913919.0
2106,2019-04-08,2083.0,2096.0,2082.0,2096.0,2037.483887,1236842.0
2107,2019-04-09,2094.0,2122.0,2070.0,2115.0,2055.9536129999997,2160091.0
2108,2019-04-10,2117.0,2124.0,2104.0,2124.0,2064.702393,1570459.0
2109,2019-04-11,2128.0,2182.0,2122.0,2176.0,2115.2504879999997,1803002.0
2110,2019-04-12,2181.0,2192.0,2171.0,2192.0,2130.803711,1700897.0
2111,2019-04-15,2192.0,2192.0,2157.0,2157.0,2096.7807620000003,1368176.0
2112,2019-04-16,2160.0,2172.0,2152.0,2162.0,2101.6411129999997,1316100.0
2113,2019-04-17,2164.0,2165.0,2145.0,2160.0,2099.697021,1631167.0
2114,2019-04-18,2149.0,2206.0,2144.0,2200.0,2138.580322,1163996.0
2115,2019-04-23,2215.0,2233.0,2196.0,2214.0,2152.189453,1562647.0
2116,2019-04-24,2217.0,2238.0,2211.0,2234.0,2171.631348,1687122.0
2117,2019-04-25,2246.0,2246.0,2225.0,2235.0,2172.603271,2502395.0
2118,2019-04-26,2233.0,2250.0,2223.0,2247.0,2184.268311,1558445.0
2119,2019-04-29,2256.0,2256.0,2230.0,2236.0,2173.575439,1255793.0
2120,2019-04-30,2243.0,2243.0,2213.0,2225.0,2162.882568,1666164.0
2121,2019-05-01,2246.0,2252.0,2212.0,2215.0,2153.161865,374386.0
2122,2019-05-02,2200.0,2212.0,2187.0,2202.0,2140.524902,1220134.0
2123,2019-05-03,2200.0,2225.0,2198.0,2216.0,2154.133545,1081902.0
2124,2019-05-07,2207.0,2217.0,2172.0,2181.0,2120.11084,1560799.0
2125,2019-05-08,2174.0,2196.0,2167.0,2196.0,2134.692139,1498917.0
2126,2019-05-09,2175.0,2193.0,2171.0,2175.0,2114.27832,3543355.0
2127,2019-05-10,2187.0,2205.0,2176.0,2183.0,2122.054932,1034844.0
2128,2019-05-13,2194.0,2202.0,2168.0,2174.0,2113.306396,1186138.0
2129,2019-05-14,2177.0,2209.0,2166.0,2209.0,2147.329102,1697966.0
2130,2019-05-15,2143.0,2243.0,2143.0,2239.0,2176.491211,3315165.0
2131,2019-05-16,2249.0,2320.0,2238.0,2320.0,2255.230225,3914308.0
2132,2019-05-17,2333.0,2333.0,2295.0,2300.0,2235.7885739999997,2254413.0
2133,2019-05-20,2310.0,2318.0,2281.0,2301.0,2236.7607420000004,2245364.0
2134,2019-05-21,2311.0,2351.0,2305.0,2330.0,2264.951172,4578899.0
2135,2019-05-22,2342.0,2384.0,2342.0,2379.0,2312.583252,2329465.0
2136,2019-05-23,2359.0,2368.0,2336.0,2340.0,2274.671875,1819496.0
2137,2019-05-24,2344.0,2349.0,2329.0,2332.0,2266.89502,1935147.0
2138,2019-05-28,2345.0,2374.0,2344.0,2367.0,2300.917969,2427414.0
2139,2019-05-29,2370.0,2370.0,2328.0,2346.0,2280.504639,1094114.0
2140,2019-05-30,2346.0,2382.0,2337.0,2380.0,2313.5551760000003,929477.0
2141,2019-05-31,2366.0,2390.0,2348.0,2387.0,2320.3598629999997,1754786.0
2142,2019-06-03,2409.0,2409.0,2358.0,2401.0,2333.9692379999997,2297737.0
2143,2019-06-04,2397.0,2399.0,2355.0,2375.0,2308.6948239999997,2068110.0
2144,2019-06-05,2372.0,2406.0,2363.0,2384.0,2317.443359,2829529.0
2145,2019-06-06,2383.0,2402.0,2380.0,2390.0,2323.276123,1649119.0
2146,2019-06-07,2399.0,2421.0,2385.0,2400.0,2332.996826,3279304.0
2147,2019-06-10,2420.0,2423.0,2405.0,2405.0,2337.857178,1112371.0
2148,2019-06-11,2417.0,2417.0,2382.0,2388.0,2321.331787,1802837.0
2149,2019-06-12,2377.0,2401.0,2361.0,2397.0,2330.080322,2244547.0
2150,2019-06-13,2399.0,2401.0,2373.0,2384.0,2317.443359,1466724.0
2151,2019-06-14,2376.0,2408.0,2375.0,2408.0,2340.773193,1861956.0
2152,2019-06-17,2402.0,2423.0,2397.0,2420.0,2352.438477,1495747.0
2153,2019-06-18,2403.0,2448.0,2392.0,2443.0,2374.796143,1861255.0
2154,2019-06-19,2440.0,2444.0,2373.0,2381.0,2314.5271,2060703.0
2155,2019-06-20,2383.0,2441.0,2383.0,2419.0,2351.466309,1906440.0
2156,2019-06-21,2419.0,2435.0,2409.0,2414.0,2346.605957,6961611.0
2157,2019-06-24,2409.0,2463.0,2409.0,2463.0,2394.237793,1983756.0
2158,2019-06-25,2441.0,2455.0,2403.0,2430.0,2362.15918,2616233.0
2159,2019-06-26,2419.0,2424.0,2394.0,2395.0,2328.13623,1851673.0
2160,2019-06-27,2393.0,2393.0,2339.0,2350.0,2309.447998,1453946.0
2161,2019-06-28,2345.0,2387.0,2342.0,2384.0,2342.861084,3056410.0
2162,2019-07-01,2406.0,2421.0,2389.0,2405.0,2363.498779,1385532.0
2163,2019-07-02,2419.0,2440.0,2405.0,2440.0,2397.894775,1582105.0
2164,2019-07-03,2428.0,2456.0,2428.0,2437.0,2394.946533,1165627.0
2165,2019-07-04,2434.0,2444.0,2428.0,2436.0,2393.9638670000004,1167794.0
2166,2019-07-05,2429.0,2439.0,2356.0,2365.0,2324.188965,2257632.0
2167,2019-07-08,2361.0,2405.0,2361.0,2405.0,2363.498779,1789330.0
2168,2019-07-09,2405.0,2416.0,2377.0,2390.0,2348.757568,1622581.0
2169,2019-07-10,2382.0,2402.0,2367.0,2385.0,2343.84375,1784523.0
2170,2019-07-11,2332.0,2390.0,2320.0,2388.0,2346.7919920000004,2755780.0
2171,2019-07-12,2391.0,2406.0,2367.0,2375.0,2334.016602,971817.0
2172,2019-07-15,2377.0,2428.0,2376.0,2418.0,2376.274658,1825532.0
2173,2019-07-16,2360.0,2396.0,2348.0,2390.0,2348.757568,2886533.0
2174,2019-07-17,2374.0,2429.0,2363.5,2414.0,2372.3435059999997,2038535.0
2175,2019-07-18,2396.0,2399.0,2369.0,2380.0,2338.9301760000003,1389585.0
2176,2019-07-19,2382.0,2426.0,2381.0,2408.0,2366.447021,1489539.0
2177,2019-07-22,2404.0,2432.0,2394.0,2432.0,2390.032959,1109398.0
2178,2019-07-23,2442.0,2453.0,2426.0,2430.0,2388.0673829999996,2403892.0
2179,2019-07-24,2439.0,2464.0,2429.0,2452.0,2409.6875,1566380.0
2180,2019-07-25,2453.0,2469.0,2427.0,2439.0,2396.912109,1461866.0
2181,2019-07-26,2440.0,2484.0,2430.0,2482.0,2439.170166,1291962.0
2182,2019-07-29,2489.0,2526.0,2478.262939,2520.0,2476.514404,1465193.0
2183,2019-07-30,2522.0,2533.0,2510.0,2511.0,2467.669922,1584035.0
2184,2019-07-31,2452.0,2525.066895,2447.0,2500.0,2456.859375,2509861.0
2185,2019-08-01,2499.0,2546.0,2494.0,2544.0,2500.100098,2061192.0
2186,2019-08-02,2530.0,2531.47998,2477.0,2479.0,2436.221924,1994603.0
2187,2019-08-05,2459.0,2475.0,2444.0,2451.0,2408.704834,3054053.0
2188,2019-08-06,2434.0,2473.0,2429.0,2447.0,2404.7739260000003,2583579.0
2189,2019-08-07,2465.0,2506.0,2453.0,2497.0,2453.9111329999996,1631462.0
2190,2019-08-08,2510.0,2558.0,2509.0,2558.0,2513.858398,3107064.0
2191,2019-08-09,2558.0,2587.0,2537.0,2544.0,2500.100098,1679126.0
2192,2019-08-12,2545.0,2566.0,2525.0,2556.0,2511.892822,1078628.0
2193,2019-08-13,2542.0,2551.0,2507.0,2533.0,2489.290039,1348115.0
2194,2019-08-14,2532.0,2547.0,2480.0,2500.0,2456.859375,1125782.0
2195,2019-08-15,2494.0,2517.0,2474.0,2500.0,2456.859375,1236011.0
2196,2019-08-16,2516.0,2522.0,2501.0,2518.0,2474.548828,985800.0
2197,2019-08-19,2523.0,2542.0,2517.7270510000003,2534.0,2490.272705,1253123.0
2198,2019-08-20,2542.0,2562.0,2501.0,2506.0,2462.755859,2398329.0
2199,2019-08-21,2510.0,2569.0,2510.0,2565.0,2520.738037,902860.0
2200,2019-08-22,2563.0,2572.0,2521.0,2525.0,2481.428223,1201437.0
2201,2019-08-23,2540.0,2558.0,2515.0,2515.0,2471.600586,892704.0
2202,2019-08-27,2510.0,2547.0,2498.0,2535.0,2491.255371,3273241.0
2203,2019-08-28,2539.0,2539.0,2490.264893,2508.0,2464.72168,1716828.0
2204,2019-08-29,2512.0,2517.0,2491.0,2513.0,2469.635254,1912191.0
2205,2019-08-30,2515.0,2537.0,2505.0,2518.0,2474.548828,2222953.0
2206,2019-09-02,2518.0,2599.025879,2513.0,2594.0,2549.237549,2171759.0
2207,2019-09-03,2599.0,2613.0,2588.0,2599.0,2554.150879,1176412.0
2208,2019-09-04,2613.0,2620.0,2578.0,2605.0,2560.0473629999997,1571673.0
2209,2019-09-05,2622.0,2622.0,2564.0,2586.0,2541.3754879999997,1675969.0
2210,2019-09-06,2590.0,2632.0,2582.0,2631.0,2585.598877,2132504.0
2211,2019-09-09,2631.0,2641.0,2569.0,2575.0,2530.56543,1496807.0
2212,2019-09-10,2562.0,2562.0,2450.0,2470.0,2427.377197,3210794.0
2213,2019-09-11,2494.0,2503.0,2453.0,2481.0,2438.1872559999997,3327943.0
2214,2019-09-12,2498.0,2544.0,2487.524902,2525.0,2481.428223,2648892.0
2215,2019-09-13,2514.0,2514.0,2444.0,2468.0,2425.411865,2568188.0
2216,2019-09-16,2430.0,2464.0,2418.0,2442.0,2399.860352,2126485.0
2217,2019-09-17,2434.0,2494.0,2423.0,2494.0,2450.962891,1538923.0
2218,2019-09-18,2493.0,2504.0,2478.0,2491.0,2448.014648,1680952.0
2219,2019-09-19,2491.0,2535.0,2480.0,2535.0,2491.255371,1764375.0
2220,2019-09-20,2525.0,2559.0,2499.0,2538.0,2494.2036129999997,3737148.0
2221,2019-09-23,2543.0,2562.0,2531.0,2548.0,2504.03125,4131916.0
2222,2019-09-24,2561.0,2576.0,2515.0,2549.0,2505.013916,4837069.0
2223,2019-09-25,2549.0,2549.0,2480.969971,2515.0,2471.600586,1384972.0
2224,2019-09-26,2523.0,2620.0,2510.0,2571.0,2526.634521,2158001.0
2225,2019-09-27,2584.0,2615.0,2575.488037,2595.0,2550.220215,1368286.0
2226,2019-09-30,2587.0,2613.0,2581.0,2599.0,2554.150879,1294855.0
2227,2019-10-01,2613.0,2614.0,2532.0,2541.0,2497.151855,1734922.0
2228,2019-10-02,2536.0,2544.0,2474.0,2477.0,2434.256348,1631729.0
2229,2019-10-03,2468.0,2501.0,2449.0,2458.0,2415.584473,4373158.0
2230,2019-10-04,2474.0,2535.0,2473.0,2532.0,2488.307373,1880421.0
2231,2019-10-07,2525.0,2557.0,2525.0,2548.0,2504.03125,1169753.0
2232,2019-10-08,2570.0,2582.0,2556.0,2558.0,2513.858398,1928361.0
2233,2019-10-09,2559.0,2587.0,2554.0,2554.0,2509.927734,1551994.0
2234,2019-10-10,2550.0,2555.0,2497.5,2508.0,2464.72168,1705100.0
2235,2019-10-11,2515.0,2524.0,2449.0,2483.0,2440.152832,2483416.0
2236,2019-10-14,2484.0,2507.800049,2448.0,2455.0,2412.635986,2538737.0
2237,2019-10-15,2459.0,2477.0,2433.0,2435.0,2392.981201,3037229.0
2238,2019-10-16,2436.0,2467.0,2381.0,2411.0,2369.395264,2158410.0
2239,2019-10-17,2417.0,2427.0,2394.0,2403.0,2361.533447,1629733.0
2240,2019-10-18,2388.0,2411.0,2365.0,2371.0,2330.0854489999997,4729426.0
2241,2019-10-21,2379.0,2381.0,2325.524902,2327.0,2286.844727,2179495.0
2242,2019-10-22,2340.0,2371.089111,2315.0,2347.0,2306.4997559999997,2031732.0
2243,2019-10-23,2350.0,2358.0,2317.0,2342.0,2301.585693,2573580.0
2244,2019-10-24,2347.0,2391.0,2344.0,2389.0,2347.774902,1427545.0
2245,2019-10-25,2386.0,2395.0,2367.0,2391.0,2349.740234,1168003.0
2246,2019-10-28,2383.0,2436.0,2367.73999,2420.0,2378.23999,1130124.0
2247,2019-10-29,2420.0,2425.0,2400.001953,2417.0,2375.291748,1493820.0
2248,2019-10-30,2400.0,2452.0,2398.0,2446.0,2403.79126,1425801.0
2249,2019-10-31,2460.0,2478.0,2425.0,2428.0,2386.101807,1420035.0
2250,2019-11-01,2436.0,2454.0,2418.0,2420.0,2378.23999,2181481.0
2251,2019-11-04,2424.0,2446.0,2412.0,2419.0,2377.2573239999997,971339.0
2252,2019-11-05,2415.0,2417.0,2364.0,2368.0,2327.137207,2161266.0
2253,2019-11-06,2327.0,2387.0,2327.0,2383.0,2341.878418,1924200.0
2254,2019-11-07,2385.0,2398.0,2365.0,2370.0,2329.102783,1436219.0
2255,2019-11-08,2359.0,2407.0,2359.0,2388.0,2346.7919920000004,1200758.0
2256,2019-11-11,2388.0,2398.0,2347.72998,2382.0,2340.895752,5639780.0
2257,2019-11-12,2485.0,2485.0,2399.0,2442.0,2399.860352,6157223.0
2258,2019-11-13,2419.0,2477.0,2419.0,2477.0,2434.256348,3733152.0
2259,2019-11-14,2466.0,2485.0,2455.0,2464.0,2421.480957,2296299.0
2260,2019-11-15,2494.0,2497.0,2436.0,2438.0,2395.929443,1621210.0
2261,2019-11-18,2451.0,2451.0,2374.0,2427.0,2385.119141,2271397.0
2262,2019-11-19,2441.0,2502.0,2440.0,2480.0,2437.20459,1631062.0
2263,2019-11-20,2480.0,2497.0,2461.0,2474.0,2431.308105,5895335.0
2264,2019-11-21,2458.0,2460.0,2430.0,2445.0,2402.808594,1588210.0
2265,2019-11-22,2445.0,2511.0,2445.0,2511.0,2467.669922,2031546.0
2266,2019-11-25,2525.0,2581.0,2500.0,2564.0,2519.755127,2099008.0
2267,2019-11-26,2567.0,2579.0,2535.0,2554.0,2509.927734,3376146.0
2268,2019-11-27,2555.0,2574.0,2547.216064,2561.0,2516.806885,1055735.0
2269,2019-11-28,2545.0,2569.0,2541.0,2559.0,2514.841064,933659.0
2270,2019-11-29,2540.0,2572.0,2540.0,2563.0,2518.772461,1139647.0
2271,2019-12-02,2548.0,2569.0,2521.0,2527.0,2483.393555,1513083.0
2272,2019-12-03,2537.0,2537.0,2470.0,2473.0,2430.325439,1999412.0
2273,2019-12-04,2463.0,2469.0,2424.0,2457.0,2414.6015629999997,2009389.0
2274,2019-12-05,2447.0,2462.0,2432.0,2451.0,2408.704834,1288758.0
2275,2019-12-06,2446.0,2476.0,2443.810059,2472.0,2429.342529,1225816.0
2276,2019-12-09,2461.0,2465.0,2445.001953,2459.0,2416.567139,1371202.0
2277,2019-12-10,2461.0,2462.719971,2422.0,2454.0,2411.65332,1585236.0
2278,2019-12-11,2454.0,2462.0,2429.0,2443.0,2400.843018,1378645.0
2279,2019-12-12,2443.0,2481.0,2435.0,2458.0,2415.584473,1268733.0
2280,2019-12-13,2427.0,2474.0,2397.0,2447.0,2404.7739260000003,1913232.0
2281,2019-12-16,2468.0,2545.0,2460.0,2507.0,2463.738525,1518854.0
2282,2019-12-17,2517.0,2550.0,2507.0,2528.0,2484.376465,3632950.0
2283,2019-12-18,2530.0,2548.0,2527.0,2534.0,2490.272705,2323151.0
2284,2019-12-19,2537.0,2548.0,2522.0,2535.0,2491.255371,4269446.0
2285,2019-12-20,2540.0,2578.0,2535.0,2557.0,2512.875732,4055639.0
2286,2019-12-23,2558.0,2570.0,2552.0,2565.0,2520.738037,2106016.0
2287,2019-12-24,2573.0,2605.0,2560.0,2605.0,2560.0473629999997,317224.0
2288,2019-12-27,2612.0,2622.0,2578.0,2593.0,2548.254639,748138.0
2289,2019-12-30,2590.0,2599.0,2570.0,2570.0,2525.651611,1219308.0
2290,2019-12-31,2562.0,2573.0,2546.0,2552.0,2507.962158,384341.0
2291,2020-01-02,2498.0,2556.0,2448.0,2550.0,2516.946289,1119108.0
2292,2020-01-03,2531.0,2557.0,2527.0,2550.0,2516.946289,702137.0
2293,2020-01-06,2521.0,2541.0,2508.0,2536.0,2503.127686,1097214.0
2294,2020-01-07,2556.0,2556.0,2517.0,2530.0,2497.205566,5095486.0
2295,2020-01-08,2522.0,2533.0,2505.485107,2533.0,2500.166748,1126834.0
2296,2020-01-09,2536.0,2579.0,2534.0,2579.0,2545.5703129999997,1062298.0
2297,2020-01-10,2581.0,2591.0,2566.0,2569.0,2535.699951,1356560.0
2298,2020-01-13,2569.0,2598.27002,2562.0,2566.0,2532.739014,1674613.0
2299,2020-01-14,2576.0,2604.0,2564.0,2598.0,2564.323975,1289054.0
2300,2020-01-15,2609.0,2645.0,2603.0,2642.0,2607.753662,2930663.0
2301,2020-01-16,2700.0,2702.0,2618.0,2620.0,2586.038818,1151985.0
2302,2020-01-17,2644.0,2652.0,2601.0,2650.0,2615.650146,2116269.0
2303,2020-01-20,2644.0,2651.0,2629.544922,2643.0,2608.740723,2107943.0
2304,2020-01-21,2620.0,2627.0,2589.0,2611.0,2577.1557620000003,2463903.0
2305,2020-01-22,2658.0,2668.0,2622.0,2644.0,2609.727783,2173754.0
2306,2020-01-23,2639.0,2643.0,2607.0,2617.0,2583.0778809999997,1794082.0
2307,2020-01-24,2658.0,2720.0,2640.950928,2693.0,2658.092773,1659128.0
2308,2020-01-27,2648.0,2668.0,2622.0,2644.0,2609.727783,1191680.0
2309,2020-01-28,2664.0,2708.0,2655.61499,2705.0,2669.9372559999997,1534386.0
2310,2020-01-29,2707.0,2723.0,2700.0,2717.0,2681.7817379999997,1150453.0
2311,2020-01-30,2708.0,2724.0,2676.0,2695.0,2660.066895,1146433.0
2312,2020-01-31,2713.0,2718.439941,2632.0,2637.0,2602.818604,2687592.0
2313,2020-02-03,2670.0,2699.0,2654.0,2675.0,2640.326172,1305202.0
2314,2020-02-04,2688.0,2718.0,2671.0,2718.0,2682.768555,2217092.0
2315,2020-02-05,2718.0,2761.0,2706.0,2753.0,2717.314941,2426235.0
2316,2020-02-06,2775.0,2784.0,2727.0,2769.0,2733.107666,1396257.0
2317,2020-02-07,2769.0,2774.0,2749.540039,2761.0,2725.211182,963243.0
2318,2020-02-10,2750.0,2786.0,2743.0,2778.0,2741.990967,1439651.0
2319,2020-02-11,2790.0,2822.0,2782.0,2818.0,2781.472412,1542134.0
2320,2020-02-12,2832.0,2835.0,2749.540039,2777.0,2741.003906,1891236.0
2321,2020-02-13,2785.0,2810.0,2762.0,2810.0,2773.576172,1389767.0
2322,2020-02-14,2827.0,2838.0,2791.0,2823.0,2786.407715,1376107.0
2323,2020-02-17,2826.0,2832.0,2810.0,2824.0,2787.394775,2043811.0
2324,2020-02-18,2791.0,2837.0,2791.0,2826.0,2789.368652,1097340.0
2325,2020-02-19,2841.0,2900.0,2822.4689940000003,2898.0,2860.435547,1708565.0
2326,2020-02-20,2908.0,2926.0,2869.0,2869.0,2831.811279,2211458.0
2327,2020-02-21,2852.0,2886.0,2839.0,2863.0,2825.88916,1328930.0
2328,2020-02-24,2825.0,2835.0,2744.0,2776.0,2740.016846,1693115.0
2329,2020-02-25,2772.0,2799.0,2736.0,2750.0,2714.35376,2092193.0
2330,2020-02-26,2740.0,2780.0,2667.535889,2765.0,2729.159424,2804657.0
2331,2020-02-27,2740.0,2740.0,2650.0,2669.0,2634.403809,2197051.0
2332,2020-02-28,2576.0,2609.0,2523.0,2591.0,2557.414795,3549103.0
2333,2020-03-02,2668.0,2714.0,2616.0,2707.0,2671.9111329999996,3169825.0
2334,2020-03-03,2740.0,2849.0,2732.0,2812.0,2775.550293,3095745.0
2335,2020-03-04,2816.0,2843.0,2780.0,2831.0,2794.303955,3146383.0
2336,2020-03-05,2848.0,2859.0,2778.0,2800.0,2763.705811,1993658.0
2337,2020-03-06,2737.0,2756.0,2600.969971,2618.0,2584.064941,2477200.0
2338,2020-03-09,1833.0,2520.0,1824.0,2460.0,2428.113037,3890916.0
2339,2020-03-10,2490.0,2516.0,2410.0,2410.0,2378.760986,3624478.0
2340,2020-03-11,2453.0,2462.0,2340.0,2349.0,2318.5517579999996,2767711.0
2341,2020-03-12,2229.0,2260.0,2089.0,2089.0,2061.921875,3424533.0
2342,2020-03-13,2193.0,2216.0,2076.0,2145.0,2117.196045,4093098.0
2343,2020-03-16,1996.0,2055.654053,1894.0,2055.0,2028.362549,4719696.0
2344,2020-03-17,2134.0,2143.0,1969.0,2060.0,2033.297852,4408962.0
2345,2020-03-18,1997.5,2109.0,1836.5,2017.0,1990.855225,3113068.0
2346,2020-03-19,2000.0,2057.0,1846.5,1951.0,1925.710693,3517524.0
2347,2020-03-20,2032.0,2145.0,1995.0,2036.0,2009.608887,4300879.0
2348,2020-03-23,1907.0,2008.0,1823.5,1882.0,1857.60498,5582801.0
2349,2020-03-24,1944.5,2114.0,1920.5,2114.0,2086.5979,3224585.0
2350,2020-03-25,2149.0,2315.0,2085.0,2295.0,2265.251709,3631228.0
2351,2020-03-26,2215.0,2480.0,2203.0,2480.0,2447.85376,3263438.0
2352,2020-03-27,2406.0,2451.0,2252.0,2293.0,2263.277588,6091926.0
2353,2020-03-30,2300.0,2449.899902,2210.0,2348.0,2317.564697,2111462.0
2354,2020-03-31,2316.0,2449.899902,2220.0,2251.0,2221.822021,3506395.0
2355,2020-04-01,2156.0,2240.899902,2123.0,2206.0,2177.405518,2898761.0
2356,2020-04-02,2207.0,2228.0,2119.0,2190.0,2161.612549,3823434.0
2357,2020-04-03,2185.0,2198.0,2079.225098,2114.0,2086.5979,1980998.0
2358,2020-04-06,2147.0,2203.0,2101.0,2177.0,2148.78125,2399381.0
2359,2020-04-07,2218.0,2235.0,2124.0,2220.0,2191.223877,3095120.0
2360,2020-04-08,2187.0,2255.0,2169.0,2244.0,2214.912842,2360480.0
2361,2020-04-09,2289.0,2312.0,2215.0,2252.0,2222.809082,2392568.0
2362,2020-04-14,2287.0,2303.0,2251.0,2286.0,2256.368408,2745886.0
2363,2020-04-15,2240.0,2268.0,2161.0,2213.0,2184.314453,2127782.0
2364,2020-04-16,2223.0,2331.0,2216.899902,2306.0,2276.1091309999997,2616771.0
2365,2020-04-17,2398.0,2412.0,2354.0,2378.0,2347.175781,2710138.0
2366,2020-04-20,2387.0,2434.0,2357.0,2425.0,2393.56665,1507775.0
2367,2020-04-21,2375.0,2440.0,2297.0,2297.0,2267.225586,2721514.0
2368,2020-04-22,2320.0,2395.0,2316.0,2341.0,2310.655273,13415213.0
2369,2020-04-23,2345.0,2360.0,2302.0,2324.0,2293.875732,1779249.0
2370,2020-04-24,2302.0,2326.0,2258.0,2258.0,2228.731201,1608608.0
2371,2020-04-27,2300.0,2343.0,2294.0,2343.0,2312.629395,3185682.0
2372,2020-04-28,2380.0,2485.0,2380.0,2469.0,2436.996094,2345542.0
2373,2020-04-29,2485.0,2500.0,2419.353027,2483.0,2450.814941,1739478.0
2374,2020-04-30,2519.0,2526.0,2376.0,2376.0,2345.201904,2328647.0
2375,2020-05-01,2307.0,2360.0,2288.0,2350.0,2319.538818,854660.0
2376,2020-05-04,2346.0,2415.2919920000004,2320.0,2347.0,2316.5776370000003,1526085.0
2377,2020-05-05,2373.0,2437.0,2351.0,2436.0,2404.424072,1341203.0
2378,2020-05-06,2426.0,2493.0,2426.0,2470.0,2437.983154,8897371.0
2379,2020-05-07,2499.0,2616.0,2483.0,2601.0,2567.285156,3210425.0
2380,2020-05-11,2648.0,2651.0,2531.0,2556.0,2522.868408,1640029.0
2381,2020-05-12,2496.0,2579.0,2469.0,2498.0,2465.620361,2164304.0
2382,2020-05-13,2462.0,2514.0,2454.0,2471.0,2438.970215,2186861.0
2383,2020-05-14,2422.0,2465.0,2336.0,2357.0,2326.447998,2523485.0
2384,2020-05-15,2387.0,2417.0,2369.0,2401.0,2369.877686,1694587.0
2385,2020-05-18,2448.0,2522.0,2427.0,2518.0,2485.361084,958585.0
2386,2020-05-19,2562.0,2562.0,2499.0,2522.0,2489.309326,1883717.0
2387,2020-05-20,2578.0,2765.0,2530.0,2708.0,2672.898193,4737149.0
2388,2020-05-21,2685.0,2745.895996,2647.0,2685.0,2650.196289,2395604.0
2389,2020-05-22,2659.0,2692.0,2644.0,2676.0,2641.3129879999997,1823267.0
2390,2020-05-26,2756.0,2766.0,2714.0,2763.0,2727.185303,3544711.0
2391,2020-05-27,2800.0,2826.0,2762.0,2810.0,2773.576172,2869774.0
2392,2020-05-28,2829.0,2880.0,2812.0,2867.0,2829.837402,1920175.0
2393,2020-05-29,2847.0,2873.0,2801.0,2813.0,2776.537354,3183513.0
2394,2020-06-01,2860.0,2874.264893,2804.0,2811.0,2774.563232,1141350.0
2395,2020-06-02,2837.0,2844.0,2785.0,2820.0,2783.446533,2449396.0
2396,2020-06-03,2840.0,2898.0,2814.0,2887.0,2849.578125,1719077.0
2397,2020-06-04,2878.0,2933.0,2878.0,2914.0,2876.228027,1535263.0
2398,2020-06-05,2909.0,2923.570068,2846.0,2846.0,2809.109375,1532035.0
2399,2020-06-08,2829.0,2840.0,2735.0,2753.0,2717.314941,5751889.0
2400,2020-06-09,2740.0,2795.0,2702.48999,2768.0,2732.120605,5537638.0
2401,2020-06-10,2768.0,2801.610107,2760.0,2775.0,2739.029785,2223594.0
2402,2020-06-11,2726.0,2772.0,2640.199951,2704.0,2668.950195,2476079.0
2403,2020-06-12,2657.0,2774.0,2651.0,2724.0,2688.690918,1689915.0
2404,2020-06-15,2678.0,2776.0,2668.0,2736.0,2700.5354,2155337.0
2405,2020-06-16,2798.0,2842.0,2763.0,2826.0,2789.368652,1821407.0
2406,2020-06-17,2834.0,2835.0,2793.0,2822.0,2785.420654,1272020.0
2407,2020-06-18,2824.0,2865.0,2810.0,2819.0,2782.459473,920466.0
2408,2020-06-19,2833.0,2888.0,2820.560059,2821.0,2784.433594,3769359.0
2409,2020-06-22,2813.0,2869.0,2786.0,2815.0,2778.51123,2401542.0
2410,2020-06-23,2842.0,2889.0,2805.399902,2883.0,2845.6298829999996,2213735.0
2411,2020-06-24,2861.0,2869.558105,2801.0,2806.0,2769.62793,927791.0
2412,2020-06-25,2779.0,2784.0,2707.0,2774.0,2763.714111,1349427.0
2413,2020-06-26,2831.0,2862.0,2803.0,2817.0,2806.554443,1267241.0
2414,2020-06-29,2818.0,2883.679932,2818.0,2851.0,2840.428467,1467638.0
2415,2020-06-30,2852.0,2867.0,2801.0,2819.0,2808.5471190000003,1367742.0
2416,2020-07-01,2843.0,2883.0,2824.0,2857.0,2846.40625,1310286.0
2417,2020-07-02,2881.0,2887.0,2846.0,2887.0,2876.294922,868485.0
2418,2020-07-03,2887.0,2933.0,2884.0,2893.0,2882.272705,958636.0
2419,2020-07-06,2935.0,2956.0,2863.0,2921.0,2910.168945,908937.0
2420,2020-07-07,2901.0,2922.275879,2865.0,2873.0,2862.346924,2155353.0
2421,2020-07-08,2857.0,2904.0,2848.0,2878.0,2867.3283690000003,767135.0
2422,2020-07-09,2904.0,2908.4528809999997,2774.0,2789.0,2778.658447,2171729.0
2423,2020-07-10,2774.0,2805.0,2761.0,2779.0,2768.695557,1818960.0
2424,2020-07-13,2801.0,2824.0,2782.0,2821.0,2810.539795,1550638.0
2425,2020-07-14,2790.0,2825.0,2767.0,2825.0,2814.524902,1852109.0
2426,2020-07-15,2845.0,2869.0,2828.548096,2845.0,2834.450684,3390644.0
2427,2020-07-16,2854.0,2862.0,2816.0,2816.0,2805.55835,1603286.0
2428,2020-07-17,2835.0,2835.0,2799.0,2828.0,2817.513672,1609314.0
2429,2020-07-20,2832.0,2849.0,2803.0,2849.0,2838.435791,933532.0
2430,2020-07-21,2874.0,2874.0,2804.0,2804.0,2793.602783,2433254.0
2431,2020-07-22,2804.0,2814.0,2774.0,2804.0,2793.602783,1437799.0
2432,2020-07-23,2802.0,2858.0,2783.779053,2858.0,2847.402588,1050867.0
2433,2020-07-24,2801.0,2817.0,2770.0,2776.0,2765.706543,1069618.0
2434,2020-07-27,2787.0,2792.0,2756.0,2778.0,2767.699219,1150034.0
2435,2020-07-28,2777.0,2787.0,2740.0,2770.0,2759.72876,1369222.0
2436,2020-07-29,2780.0,2813.61499,2766.034912,2806.0,2795.595459,760743.0
2437,2020-07-30,2816.0,2820.0,2711.0,2751.0,2740.799316,708212.0
2438,2020-07-31,2743.0,2746.0,2669.0,2677.0,2667.07373,1846533.0
2439,2020-08-03,2681.0,2782.0,2680.0,2773.0,2762.717773,2051229.0
2440,2020-08-04,2783.0,2788.0,2703.0,2710.0,2699.951416,1111922.0
2441,2020-08-05,2742.0,2766.0,2730.0,2732.0,2721.869629,1060651.0
2442,2020-08-06,2718.0,2741.0,2697.0,2726.0,2715.89209,1068538.0
2443,2020-08-07,2726.0,2776.0,2723.0,2766.0,2755.743652,1163759.0
2444,2020-08-10,2789.0,2791.0,2729.0,2729.0,2718.880859,642623.0
2445,2020-08-11,2738.0,2780.0,2733.0,2768.0,2757.736328,1436484.0
2446,2020-08-12,2770.0,2870.0,2746.0,2865.0,2854.376465,1549025.0
2447,2020-08-13,2846.0,2854.0,2803.0,2829.0,2818.51001,972984.0
2448,2020-08-14,2818.0,2818.0,2744.0,2774.0,2763.714111,848349.0
2449,2020-08-17,2759.0,2812.0,2757.0,2796.0,2785.6323239999997,600766.0
2450,2020-08-18,2780.0,2815.0,2770.0,2795.0,2784.63623,978603.0
2451,2020-08-19,2808.0,2817.0,2777.0,2788.0,2777.662109,1422397.0
2452,2020-08-20,2759.0,2786.0,2726.0,2780.0,2769.69165,1177324.0
2453,2020-08-21,2776.0,2803.0,2739.0,2764.0,2753.750977,2106480.0
2454,2020-08-24,2784.0,2853.0,2743.360107,2828.0,2817.513672,818397.0
2455,2020-08-25,2784.0,2848.0,2784.0,2794.0,2783.639893,1001152.0
2456,2020-08-26,2808.0,2821.0,2762.0,2818.0,2807.550781,743713.0
2457,2020-08-27,2816.0,2845.0,2801.0,2805.0,2794.599121,805499.0
2458,2020-08-28,2845.0,2855.0,2790.0,2790.0,2779.654785,1031041.0
2459,2020-09-01,2825.0,2825.0,2728.0,2735.0,2724.858643,1750310.0
2460,2020-09-02,2739.0,2836.0,2739.0,2836.0,2825.4841309999997,1212612.0
2461,2020-09-03,2852.0,2868.290039,2738.0,2743.0,2732.828857,989622.0
2462,2020-09-04,2702.0,2768.0,2652.0,2670.0,2660.099609,1075696.0
2463,2020-09-07,2700.0,2799.0,2690.0,2799.0,2788.621338,1285068.0
2464,2020-09-08,2909.0,2934.0,2831.0,2924.0,2913.157715,2133393.0
2465,2020-09-09,2914.0,3002.23291,2914.0,2983.0,2971.938965,2466549.0
2466,2020-09-10,2986.0,2989.0,2926.0,2941.0,2930.094727,1541203.0
2467,2020-09-11,2949.0,2957.0,2926.0,2944.0,2933.08374,1428795.0
2468,2020-09-14,2959.0,2977.0,2942.0,2950.0,2939.061279,1463678.0
2469,2020-09-15,2959.0,2999.0,2940.0,2994.0,2982.898193,1018084.0
2470,2020-09-16,3000.0,3076.0,2990.0,3065.0,3053.63501,2400416.0
2471,2020-09-17,3047.0,3114.0,3028.0,3084.0,3072.564453,1542170.0
2472,2020-09-18,3088.0,3153.610107,3056.0,3124.0,3112.41626,2634377.0
2473,2020-09-21,3099.0,3099.0,2951.0,2956.0,2945.0390629999997,2282123.0
2474,2020-09-22,2987.0,3009.0,2949.0,2957.0,2946.0354,1153216.0
2475,2020-09-23,2991.0,3018.590088,2966.8330079999996,2994.0,2982.898193,1440807.0
2476,2020-09-24,2943.0,2981.0,2915.0,2938.0,2927.105957,1203671.0
2477,2020-09-25,2945.0,2971.0,2906.0,2971.0,2959.983398,1547442.0
2478,2020-09-28,2993.0,3005.0,2954.0,2954.0,2943.0466309999997,1036001.0
2479,2020-09-29,2948.0,2968.0,2919.0,2953.0,2942.050293,1570578.0
2480,2020-09-30,2924.0,2955.0,2915.0,2920.0,2909.172607,1948639.0
2481,2020-10-01,2920.0,2951.0,2907.0,2938.0,2927.105957,1516083.0
2482,2020-10-02,2928.0,2951.0,2905.0,2951.0,2940.0576170000004,1155001.0
2483,2020-10-05,3024.0,3075.0,2996.0,2999.0,2987.879639,1129178.0
2484,2020-10-06,3006.0,3006.275879,2924.0,2935.0,2924.116943,2062250.0
2485,2020-10-07,2942.0,2955.0,2905.0,2915.0,2904.191162,1493755.0
2486,2020-10-08,2940.0,2960.0,2894.0,2934.0,2923.120605,778676.0
2487,2020-10-09,2952.0,2977.0,2911.0,2966.0,2955.001953,1638161.0
2488,2020-10-12,2975.0,3024.0,2956.778076,3014.0,3002.823975,1002317.0
2489,2020-10-13,3068.0,3108.0,3033.0,3063.0,3051.642334,1787028.0
2490,2020-10-14,3084.0,3100.0,3033.0,3063.0,3051.642334,2995281.0
2491,2020-10-15,3021.0,3025.0,2960.0,2970.0,2958.987305,850266.0
2492,2020-10-16,2993.0,3115.0,2993.0,3084.0,3072.564453,1156248.0
2493,2020-10-19,3101.0,3137.0,3058.0,3073.0,3061.605225,1824036.0
2494,2020-10-20,3069.0,3089.0,3048.225098,3063.0,3051.642334,719587.0
2495,2020-10-21,3071.0,3077.0,2991.0,2993.0,2981.901855,1024601.0
2496,2020-10-22,2959.0,2989.0,2938.0,2961.0,2950.0205079999996,1272452.0
2497,2020-10-23,2953.0,3020.0,2953.0,2970.0,2958.987305,2055855.0
2498,2020-10-26,2938.0,3020.0,2449.469971,2947.0,2936.07251,1973355.0
2499,2020-10-27,2951.0,2969.0,2904.0,2905.0,2894.228271,916077.0
2500,2020-10-28,2877.0,2894.356934,2797.0,2825.0,2814.524902,2265343.0
2501,2020-10-29,2808.0,2868.0,2803.0,2848.0,2837.439697,1269674.0
2502,2020-10-30,2826.0,2851.570068,2817.0,2817.0,2806.554443,1243754.0
2503,2020-11-02,2827.0,2890.0,2815.0,2858.0,2847.402588,1016039.0
2504,2020-11-03,2891.0,2922.0,2878.0,2919.0,2908.17627,1393942.0
2505,2020-11-04,2922.0,3044.0,2916.0,3038.0,3026.735107,2146560.0
2506,2020-11-05,3085.0,3152.802979,3069.0,3123.0,3111.419922,1513316.0
2507,2020-11-06,3132.0,3191.0,3080.0,3087.0,3075.553467,1097919.0
2508,2020-11-09,3132.0,3192.0,3007.0,3007.0,2995.850098,2656901.0
2509,2020-11-10,3005.0,3037.0,2933.455078,3018.0,3006.809326,1995956.0
2510,2020-11-11,3013.0,3109.0,2988.0,3109.0,3097.471924,1481923.0
2511,2020-11-12,3101.0,3184.0,3082.0,3171.0,3159.241943,2252664.0
2512,2020-11-13,3152.0,3172.0,3065.0,3068.0,3056.623779,1923204.0
2513,2020-11-16,3109.0,3113.0,2995.0,2995.0,2983.894531,2244351.0
2514,2020-11-17,3058.0,3058.0,2861.0,2893.0,2882.272705,2497024.0
2515,2020-11-18,2893.0,2912.0,2851.0,2912.0,2901.202393,2886961.0
2516,2020-11-19,2898.0,2941.0,2861.0,2933.0,2922.1245120000003,3978625.0
2517,2020-11-20,2943.0,2947.0,2899.0,2906.0,2895.224609,1727288.0
2518,2020-11-23,2926.0,2930.0,2860.0,2862.0,2851.387695,1664990.0
